0 0.054 0.63 0.094 0.147
0 0.034 0.564 0.049 0.096
0 0.096 0.742 0.082 0.357
0 0.09 0.565 0.045 0.104
0 0.151 0.76 0.141 0.406
0 0.134 0.529 0.022 0.036
0 0.165 0.544 0.028 0.048
0 0.19 0.618 0.071 0.19
0 0.213 0.606 0.062 0.186
0 0.202 0.535 0.019 0.046
0 0.293 0.517 0.014 0.023
0 0.347 0.51 0.018 0.027
0 0.553 0.597 0.043 0.048
0 0.626 0.525 0.031 0.036
0 0.658 0.518 0.016 0.035
0 0.693 0.528 0.022 0.066
0 0.706 0.535 0.027 0.066
0 0.744 0.549 0.05 0.073
0 0.899 0.593 0.083 0.21
0 0.941 0.558 0.043 0.137
1 0.202 0.547 0.089 0.055
1 0.288 0.572 0.087 0.115
1 0.398 0.595 0.266 0.182
1 0.563 0.65 0.531 0.23
1 0.515 0.527 0.079 0.085
1 0.592 0.535 0.116 0.078
1 0.796 0.594 0.204 0.156
