0 0.945 0.232 0.096 0.465
0 0.121 0.141 0.041 0.113
0 0.18 0.132 0.052 0.135
0 0.222 0.12 0.03 0.126
0 0.343 0.07 0.051 0.052
0 0.384 0.054 0.033 0.048
0 0.782 0.046 0.03 0.064
0 0.829 0.045 0.048 0.09
0 0.858 0.051 0.041 0.103
1 0.529 0.49 0.851 0.98
1 0.183 0.029 0.021 0.026
1 0.22 0.083 0.028 0.016
1 0.269 0.021 0.012 0.01
1 0.295 0.021 0.015 0.017
1 0.323 0.008 0.016 0.014
1 0.346 0.03 0.023 0.013
1 0.353 0.005 0.025 0.005
1 0.377 0.003 0.012 0.007
1 0.768 0.179 0.263 0.358
1 0.755 0.109 0.1 0.065
