0 0.11 0.607 0.221 0.43
0 0.053 0.334 0.069 0.3
0 0.104 0.47 0.137 0.235
0 0.068 0.222 0.046 0.14
0 0.128 0.238 0.037 0.11
0 0.235 0.306 0.108 0.295
0 0.257 0.182 0.055 0.115
0 0.284 0.238 0.026 0.115
0 0.322 0.242 0.039 0.122
0 0.377 0.228 0.051 0.143
0 0.445 0.265 0.16 0.168
0 0.441 0.202 0.037 0.044
0 0.52 0.232 0.049 0.155
0 0.548 0.223 0.025 0.11
0 0.64 0.222 0.052 0.126
0 0.737 0.226 0.103 0.182
0 0.895 0.481 0.195 0.68
0 0.866 0.167 0.119 0.114
0 0.951 0.205 0.034 0.076
1 0.018 0.306 0.036 0.217
1 0.492 0.54 0.695 0.605
