1 0.667 0.936 0.276 0.126
0 0.24 0.724 0.021 0.068
0 0.352 0.885 0.025 0.078
0 0.366 0.705 0.027 0.069
0 0.511 0.889 0.016 0.062
0 0.556 0.929 0.031 0.139
0 0.586 0.87 0.015 0.027
0 0.601 0.865 0.017 0.016
0 0.616 0.863 0.012 0.021
0 0.686 0.898 0.034 0.077
0 0.744 0.896 0.029 0.066
0 0.779 0.904 0.035 0.036
0 0.801 0.9 0.015 0.04
0 0.938 0.91 0.026 0.091
0 0.974 0.9 0.018 0.049
1 0.077 0.891 0.154 0.118
1 0.116 0.861 0.062 0.044
1 0.226 0.889 0.178 0.086
1 0.521 0.962 0.074 0.073
1 0.925 0.943 0.148 0.111
