0 0.11 0.533 0.062 0.389
0 0.138 0.265 0.014 0.061
0 0.151 0.276 0.013 0.038
0 0.175 0.273 0.012 0.042
0 0.289 0.238 0.009 0.052
0 0.296 0.237 0.007 0.036
0 0.303 0.236 0.005 0.042
0 0.31 0.239 0.009 0.04
0 0.488 0.455 0.064 0.309
0 0.574 0.629 0.098 0.509
0 0.845 0.455 0.097 0.406
1 0.236 0.225 0.029 0.036
1 0.279 0.24 0.027 0.038
1 0.389 0.24 0.044 0.03
1 0.555 0.24 0.063 0.038
1 0.582 0.223 0.021 0.023
1 0.673 0.313 0.156 0.123
1 0.65 0.223 0.055 0.026
1 0.647 0.235 0.043 0.047
1 0.715 0.23 0.041 0.04
1 0.773 0.249 0.078 0.043
