0 0.071 0.775 0.061 0.305
0 0.116 0.784 0.056 0.298
0 0.146 0.496 0.028 0.09
0 0.156 0.708 0.042 0.158
0 0.178 0.862 0.075 0.274
0 0.273 0.75 0.057 0.266
0 0.341 0.658 0.056 0.145
0 0.371 0.598 0.028 0.107
0 0.386 0.756 0.042 0.253
0 0.435 0.749 0.061 0.265
0 0.484 0.907 0.094 0.182
0 0.709 0.381 0.017 0.09
0 0.737 0.36 0.026 0.096
0 0.799 0.408 0.015 0.087
0 0.829 0.78 0.065 0.232
0 0.827 0.402 0.026 0.1
0 0.838 0.65 0.038 0.171
0 0.879 0.394 0.028 0.1
0 0.954 0.821 0.09 0.307
0 0.939 0.781 0.056 0.243
0 0.941 0.634 0.045 0.107
1 0.621 0.43 0.124 0.11
1 0.878 0.545 0.209 0.155
