1 0.598 0.688 0.307 0.369
0 0.055 0.455 0.045 0.132
0 0.115 0.421 0.029 0.072
0 0.129 0.421 0.02 0.066
0 0.138 0.438 0.023 0.059
0 0.147 0.434 0.028 0.054
0 0.182 0.432 0.021 0.059
0 0.186 0.395 0.022 0.045
0 0.193 0.439 0.017 0.06
0 0.211 0.463 0.032 0.091
0 0.212 0.428 0.022 0.051
0 0.231 0.487 0.032 0.177
0 0.249 0.506 0.061 0.209
0 0.266 0.393 0.015 0.037
0 0.273 0.513 0.021 0.209
0 0.31 0.411 0.012 0.047
0 0.319 0.408 0.007 0.059
0 0.352 0.416 0.02 0.064
0 0.376 0.418 0.014 0.054
0 0.403 0.447 0.037 0.113
0 0.426 0.614 0.068 0.227
0 0.61 0.434 0.03 0.054
0 0.765 0.773 0.244 0.451
0 0.707 0.531 0.048 0.127
0 0.742 0.529 0.059 0.179
0 0.779 0.416 0.037 0.05
1 0.205 0.772 0.407 0.454
1 0.131 0.603 0.193 0.24
1 0.138 0.487 0.138 0.06
1 0.34 0.515 0.117 0.168
1 0.411 0.578 0.181 0.243
1 0.519 0.482 0.128 0.11
1 0.635 0.53 0.16 0.141
1 0.688 0.453 0.148 0.089
1 0.805 0.465 0.14 0.072
1 0.882 0.575 0.234 0.164
1 0.894 0.799 0.211 0.398
1 0.914 0.477 0.164 0.075
1 0.983 0.536 0.031 0.067
