0 0.026 0.155 0.016 0.006
0 0.068 0.239 0.062 0.233
0 0.083 0.149 0.017 0.016
0 0.087 0.184 0.019 0.071
0 0.103 0.198 0.028 0.103
0 0.118 0.206 0.017 0.05
0 0.119 0.2 0.008 0.052
0 0.13 0.197 0.026 0.169
0 0.124 0.162 0.011 0.026
0 0.166 0.21 0.066 0.21
0 0.18 0.185 0.024 0.108
0 0.206 0.193 0.02 0.083
0 0.259 0.149 0.025 0.054
0 0.286 0.169 0.018 0.029
0 0.285 0.165 0.007 0.023
0 0.291 0.166 0.008 0.02
0 0.321 0.159 0.045 0.044
0 0.336 0.164 0.01 0.019
0 0.361 0.169 0.021 0.023
0 0.393 0.166 0.012 0.017
0 0.408 0.173 0.023 0.035
0 0.425 0.173 0.014 0.036
0 0.436 0.173 0.014 0.025
0 0.452 0.172 0.016 0.041
0 0.473 0.168 0.033 0.096
0 0.487 0.187 0.03 0.066
0 0.551 0.238 0.047 0.195
0 0.618 0.162 0.025 0.038
0 0.639 0.167 0.016 0.022
0 0.651 0.164 0.014 0.019
0 0.77 0.232 0.134 0.417
0 0.824 0.147 0.023 0.038
0 0.841 0.142 0.027 0.051
0 0.86 0.162 0.02 0.02
0 0.94 0.308 0.118 0.576
0 0.899 0.181 0.023 0.07
0 0.902 0.171 0.017 0.045
1 0.048 0.245 0.096 0.175
1 0.178 0.218 0.128 0.115
1 0.531 0.578 0.818 0.736
1 0.368 0.166 0.052 0.023
1 0.457 0.202 0.1 0.031
1 0.645 0.254 0.155 0.235
1 0.839 0.379 0.32 0.327
