0 0.099 0.637 0.039 0.072
0 0.142 0.646 0.042 0.049
0 0.212 0.609 0.033 0.115
0 0.256 0.727 0.05 0.137
0 0.291 0.847 0.111 0.285
0 0.307 0.69 0.045 0.117
0 0.299 0.6 0.012 0.057
0 0.335 0.599 0.009 0.036
0 0.367 0.73 0.041 0.202
0 0.372 0.594 0.013 0.051
0 0.536 0.648 0.021 0.118
0 0.577 0.717 0.033 0.168
0 0.586 0.637 0.031 0.09
0 0.624 0.666 0.04 0.158
0 0.663 0.728 0.048 0.18
0 0.793 0.635 0.039 0.1
1 0.048 0.62 0.096 0.083
1 0.191 0.57 0.051 0.026
1 0.363 0.582 0.062 0.034
1 0.857 0.615 0.089 0.062
1 0.958 0.576 0.059 0.036
1 0.983 0.59 0.031 0.039
