1 0.514 0.581 0.897 0.733
0 0.014 0.22 0.028 0.131
0 0.038 0.255 0.04 0.14
0 0.074 0.232 0.025 0.109
0 0.082 0.164 0.028 0.038
0 0.089 0.305 0.029 0.167
0 0.096 0.164 0.022 0.041
0 0.115 0.259 0.05 0.157
0 0.157 0.215 0.026 0.101
0 0.168 0.206 0.031 0.09
0 0.179 0.234 0.03 0.093
0 0.189 0.243 0.042 0.06
0 0.191 0.186 0.021 0.046
0 0.199 0.201 0.023 0.038
0 0.22 0.188 0.024 0.073
0 0.229 0.25 0.027 0.063
0 0.285 0.222 0.023 0.069
0 0.302 0.228 0.029 0.059
0 0.322 0.231 0.014 0.034
0 0.329 0.178 0.022 0.046
0 0.339 0.203 0.019 0.084
0 0.37 0.212 0.021 0.057
0 0.391 0.21 0.023 0.05
0 0.402 0.21 0.018 0.056
0 0.42 0.209 0.018 0.053
0 0.472 0.217 0.025 0.043
0 0.48 0.221 0.032 0.04
0 0.506 0.211 0.013 0.047
0 0.56 0.214 0.021 0.037
0 0.563 0.21 0.022 0.053
0 0.592 0.233 0.026 0.076
0 0.613 0.25 0.037 0.069
0 0.616 0.225 0.021 0.051
0 0.636 0.239 0.022 0.069
0 0.65 0.239 0.02 0.068
0 0.665 0.236 0.021 0.072
0 0.685 0.226 0.031 0.079
0 0.692 0.269 0.033 0.1
0 0.727 0.356 0.078 0.225
0 0.714 0.228 0.03 0.106
0 0.733 0.242 0.022 0.054
0 0.742 0.192 0.033 0.056
0 0.759 0.25 0.03 0.072
0 0.764 0.221 0.022 0.046
0 0.777 0.242 0.018 0.088
0 0.789 0.269 0.029 0.147
0 0.796 0.196 0.023 0.057
0 0.817 0.194 0.02 0.026
0 0.841 0.282 0.037 0.156
0 0.838 0.198 0.024 0.069
0 0.86 0.211 0.032 0.068
0 0.877 0.288 0.049 0.188
0 0.888 0.19 0.027 0.019
0 0.905 0.21 0.013 0.053
0 0.927 0.29 0.035 0.204
0 0.939 0.187 0.029 0.051
0 0.96 0.299 0.036 0.154
0 0.967 0.206 0.044 0.05
0 0.986 0.234 0.025 0.078
0 0.993 0.209 0.012 0.043
1 0.052 0.412 0.104 0.272
