0 0.017 0.22 0.034 0.07
0 0.019 0.251 0.038 0.129
0 0.058 0.27 0.115 0.195
0 0.11 0.219 0.051 0.04
0 0.16 0.218 0.031 0.048
0 0.225 0.223 0.037 0.087
0 0.268 0.199 0.048 0.052
0 0.312 0.201 0.031 0.04
0 0.322 0.268 0.045 0.069
0 0.343 0.217 0.032 0.076
0 0.362 0.21 0.026 0.065
0 0.406 0.208 0.044 0.043
0 0.438 0.236 0.045 0.145
0 0.472 0.236 0.04 0.173
0 0.626 0.24 0.021 0.033
0 0.64 0.215 0.015 0.036
0 0.725 0.212 0.101 0.102
0 0.743 0.238 0.046 0.059
0 0.75 0.206 0.046 0.089
0 0.826 0.207 0.034 0.055
1 0.157 0.285 0.314 0.155
1 0.276 0.459 0.552 0.408
1 0.804 0.254 0.085 0.109
1 0.946 0.257 0.105 0.12
