1 0.467 0.85 0.231 0.255
0 0.056 0.846 0.04 0.302
0 0.154 0.726 0.025 0.212
0 0.162 0.762 0.021 0.221
0 0.17 0.609 0.023 0.084
0 0.187 0.769 0.028 0.249
0 0.206 0.807 0.021 0.156
0 0.243 0.731 0.028 0.221
0 0.271 0.779 0.031 0.243
0 0.297 0.668 0.022 0.202
0 0.309 0.879 0.026 0.237
0 0.317 0.667 0.019 0.187
0 0.348 0.717 0.031 0.156
0 0.351 0.866 0.026 0.262
0 0.38 0.678 0.025 0.165
0 0.414 0.678 0.022 0.121
0 0.465 0.782 0.02 0.081
0 0.467 0.676 0.018 0.131
0 0.499 0.78 0.033 0.078
0 0.495 0.967 0.021 0.059
0 0.502 0.612 0.016 0.134
0 0.513 0.603 0.017 0.128
0 0.526 0.741 0.029 0.131
0 0.532 0.62 0.022 0.131
0 0.614 0.88 0.038 0.234
0 0.642 0.942 0.03 0.109
0 0.677 0.938 0.042 0.118
0 0.681 0.754 0.029 0.187
0 0.694 0.562 0.014 0.078
0 0.711 0.676 0.016 0.15
0 0.737 0.678 0.02 0.178
0 0.832 0.598 0.013 0.081
0 0.872 0.631 0.012 0.065
0 0.892 0.643 0.011 0.097
0 0.908 0.917 0.041 0.159
0 0.902 0.645 0.014 0.1
0 0.94 0.885 0.026 0.224
0 0.961 0.9 0.025 0.193
0 0.981 0.889 0.021 0.215
1 0.013 0.827 0.026 0.153
1 0.017 0.72 0.034 0.118
1 0.035 0.5 0.066 0.078
1 0.065 0.565 0.102 0.072
1 0.051 0.403 0.043 0.072
1 0.121 0.511 0.027 0.062
1 0.23 0.559 0.04 0.059
1 0.312 0.646 0.123 0.128
1 0.392 0.601 0.118 0.15
1 0.772 0.894 0.232 0.206
