1 0.522 0.495 0.84 0.398
0 0.136 0.492 0.1 0.306
0 0.235 0.4 0.031 0.111
0 0.381 0.299 0.136 0.234
0 0.366 0.264 0.07 0.151
0 0.467 0.309 0.103 0.263
0 0.455 0.235 0.027 0.074
0 0.51 0.236 0.032 0.049
0 0.528 0.389 0.067 0.181
0 0.54 0.249 0.048 0.115
0 0.564 0.389 0.083 0.194
0 0.575 0.266 0.078 0.113
0 0.596 0.296 0.044 0.076
0 0.627 0.391 0.089 0.19
0 0.679 0.375 0.076 0.188
0 0.701 0.319 0.023 0.029
0 0.747 0.37 0.084 0.208
0 0.811 0.365 0.07 0.181
0 0.85 0.355 0.074 0.168
0 0.972 0.39 0.055 0.103
