0 0.225 0.56 0.015 0.031
0 0.244 0.62 0.032 0.117
0 0.254 0.566 0.012 0.022
0 0.274 0.617 0.03 0.121
0 0.312 0.648 0.043 0.188
0 0.318 0.555 0.019 0.023
0 0.333 0.642 0.03 0.159
0 0.344 0.57 0.02 0.055
0 0.353 0.632 0.016 0.143
0 0.367 0.648 0.019 0.158
0 0.389 0.641 0.05 0.18
0 0.375 0.558 0.015 0.025
0 0.4 0.66 0.055 0.194
0 0.429 0.643 0.03 0.158
0 0.44 0.563 0.036 0.04
0 0.47 0.651 0.042 0.195
0 0.483 0.628 0.021 0.15
0 0.513 0.634 0.025 0.148
0 0.539 0.652 0.054 0.195
0 0.979 0.65 0.039 0.212
1 0.077 0.611 0.154 0.152
