0 0.009 0.712 0.019 0.073
0 0.026 0.698 0.023 0.081
0 0.052 0.743 0.036 0.151
0 0.075 0.742 0.025 0.138
0 0.077 0.684 0.013 0.038
0 0.115 0.741 0.039 0.132
0 0.125 0.687 0.016 0.053
0 0.168 0.817 0.062 0.237
0 0.209 0.818 0.047 0.242
0 0.407 0.784 0.045 0.195
0 0.401 0.689 0.019 0.075
0 0.415 0.679 0.016 0.079
0 0.451 0.781 0.045 0.201
0 0.453 0.687 0.028 0.056
0 0.501 0.882 0.098 0.233
0 0.465 0.695 0.014 0.081
0 0.468 0.674 0.017 0.054
0 0.477 0.704 0.028 0.1
0 0.617 0.771 0.058 0.209
0 0.652 0.676 0.018 0.063
0 0.655 0.665 0.015 0.063
0 0.678 0.742 0.049 0.102
0 0.668 0.674 0.021 0.072
0 0.7 0.733 0.044 0.104
0 0.871 0.732 0.033 0.138
0 0.888 0.72 0.033 0.155
1 0.233 0.72 0.199 0.089
1 0.811 0.851 0.377 0.294
