1 0.744 0.184 0.103 0.117
0 0.027 0.403 0.055 0.157
0 0.041 0.345 0.018 0.045
0 0.167 0.466 0.06 0.097
0 0.22 0.334 0.031 0.05
0 0.255 0.321 0.041 0.067
0 0.304 0.469 0.058 0.095
0 0.474 0.426 0.045 0.17
0 0.524 0.429 0.047 0.164
0 0.545 0.356 0.015 0.038
0 0.558 0.43 0.04 0.174
0 0.587 0.428 0.037 0.161
0 0.797 0.414 0.079 0.177
0 0.803 0.406 0.069 0.157
0 0.872 0.359 0.059 0.13
0 0.876 0.36 0.048 0.164
0 0.968 0.401 0.062 0.179
0 0.97 0.398 0.059 0.133
0 0.989 0.097 0.02 0.113
1 0.238 0.602 0.438 0.458
1 0.172 0.309 0.126 0.143
1 0.4 0.077 0.099 0.11
1 0.613 0.384 0.119 0.152
1 0.945 0.326 0.108 0.122
