0 0.279 0.774 0.11 0.413
0 0.019 0.285 0.038 0.281
0 0.035 0.184 0.045 0.124
0 0.05 0.042 0.052 0.085
0 0.09 0.439 0.121 0.303
0 0.127 0.264 0.084 0.122
0 0.147 0.361 0.08 0.176
0 0.167 0.443 0.054 0.115
0 0.169 0.031 0.041 0.062
0 0.209 0.316 0.055 0.254
0 0.247 0.292 0.068 0.206
0 0.253 0.102 0.033 0.089
0 0.302 0.459 0.062 0.1
0 0.393 0.796 0.12 0.405
0 0.439 0.666 0.128 0.384
0 0.397 0.081 0.034 0.126
0 0.448 0.107 0.078 0.099
0 0.447 0.09 0.066 0.047
0 0.475 0.215 0.043 0.055
0 0.516 0.189 0.055 0.103
0 0.514 0.248 0.045 0.082
0 0.521 0.237 0.039 0.057
0 0.577 0.201 0.055 0.124
0 0.576 0.257 0.049 0.139
0 0.629 0.226 0.048 0.152
0 0.678 0.182 0.025 0.199
0 0.73 0.53 0.103 0.307
0 0.737 0.18 0.058 0.185
0 0.782 0.189 0.031 0.168
0 0.8 0.217 0.04 0.141
0 0.827 0.736 0.085 0.302
0 0.835 0.462 0.099 0.32
0 0.841 0.248 0.057 0.15
0 0.884 0.499 0.092 0.207
0 0.89 0.284 0.052 0.234
0 0.964 0.577 0.069 0.204
0 0.983 0.07 0.032 0.072
0 0.987 0.252 0.024 0.074
1 0.133 0.753 0.267 0.492
1 0.145 0.096 0.289 0.143
1 0.177 0.245 0.337 0.214
1 0.425 0.523 0.714 0.393
1 0.496 0.184 0.371 0.21
1 0.574 0.056 0.216 0.112
1 0.921 0.15 0.155 0.107
1 0.928 0.211 0.136 0.156
