0 0.162 0.397 0.061 0.179
0 0.212 0.586 0.127 0.591
0 0.359 0.563 0.155 0.557
0 0.38 0.335 0.022 0.023
0 0.469 0.558 0.132 0.566
0 0.427 0.339 0.02 0.026
0 0.531 0.349 0.032 0.056
0 0.566 0.564 0.102 0.477
0 0.657 0.579 0.112 0.564
0 0.623 0.369 0.042 0.066
0 0.683 0.347 0.024 0.023
0 0.693 0.342 0.022 0.044
0 0.756 0.583 0.118 0.61
0 0.733 0.344 0.021 0.026
0 0.793 0.351 0.019 0.014
0 0.933 0.406 0.034 0.123
1 0.013 0.329 0.026 0.069
1 0.027 0.52 0.054 0.181
1 0.04 0.338 0.021 0.052
1 0.08 0.338 0.053 0.045
1 0.15 0.398 0.099 0.103
1 0.282 0.538 0.363 0.37
1 0.812 0.56 0.373 0.399
1 0.907 0.356 0.094 0.036
1 0.969 0.483 0.054 0.109
1 0.973 0.373 0.053 0.04
