0 0.014 0.567 0.027 0.569
0 0.047 0.548 0.095 0.457
0 0.08 0.524 0.069 0.396
0 0.144 0.369 0.094 0.174
0 0.183 0.355 0.074 0.178
0 0.25 0.349 0.07 0.125
0 0.302 0.334 0.058 0.106
0 0.355 0.312 0.045 0.097
0 0.393 0.318 0.032 0.079
0 0.417 0.314 0.038 0.063
0 0.439 0.319 0.013 0.035
0 0.468 0.313 0.033 0.047
0 0.499 0.312 0.024 0.05
0 0.552 0.499 0.116 0.653
0 0.515 0.246 0.021 0.038
0 0.544 0.245 0.033 0.075
0 0.677 0.513 0.136 0.632
0 0.768 0.364 0.078 0.196
0 0.833 0.357 0.069 0.212
0 0.89 0.375 0.061 0.232
0 0.929 0.454 0.061 0.347
0 0.958 0.454 0.052 0.369
0 0.981 0.451 0.036 0.4
1 0.512 0.573 0.85 0.478
