0 0.944 0.142 0.091 0.231
0 0.027 0.315 0.055 0.63
0 0.051 0.065 0.078 0.13
0 0.076 0.302 0.098 0.578
0 0.147 0.145 0.028 0.064
0 0.188 0.188 0.074 0.217
0 0.227 0.244 0.046 0.344
0 0.228 0.218 0.044 0.189
0 0.276 0.223 0.03 0.192
0 0.302 0.189 0.049 0.203
0 0.331 0.159 0.048 0.153
0 0.378 0.131 0.072 0.169
0 0.444 0.138 0.054 0.125
0 0.447 0.351 0.055 0.098
0 0.504 0.133 0.087 0.141
0 0.57 0.352 0.086 0.127
0 0.564 0.113 0.061 0.089
0 0.638 0.084 0.091 0.131
0 0.71 0.113 0.054 0.084
0 0.771 0.083 0.066 0.166
0 0.773 0.273 0.057 0.109
0 0.82 0.105 0.074 0.197
0 0.895 0.142 0.054 0.141
0 0.979 0.147 0.041 0.203
1 0.421 0.549 0.749 0.695
1 0.169 0.316 0.133 0.311
1 0.695 0.439 0.575 0.578
