1 0.934 0.637 0.129 0.156
0 0.223 0.646 0.01 0.081
0 0.443 0.637 0.378 0.161
0 0.289 0.637 0.059 0.142
0 0.331 0.619 0.008 0.03
0 0.343 0.617 0.009 0.031
0 0.352 0.619 0.008 0.03
0 0.432 0.618 0.018 0.046
0 0.447 0.613 0.014 0.042
0 0.455 0.615 0.009 0.039
0 0.472 0.612 0.01 0.049
0 0.478 0.614 0.013 0.053
0 0.705 0.596 0.036 0.107
0 0.75 0.598 0.028 0.111
0 0.795 0.607 0.031 0.133
0 0.817 0.605 0.021 0.124
0 0.837 0.596 0.028 0.108
0 0.943 0.551 0.039 0.09
0 0.982 0.539 0.021 0.042
0 0.992 0.538 0.014 0.027
1 0.076 0.646 0.049 0.062
