1 0.311 0.875 0.185 0.219
0 0.027 0.859 0.055 0.28
0 0.028 0.702 0.036 0.109
0 0.041 0.821 0.041 0.163
0 0.12 0.823 0.038 0.215
0 0.157 0.786 0.018 0.099
0 0.175 0.78 0.021 0.106
0 0.188 0.805 0.021 0.141
0 0.21 0.805 0.03 0.168
0 0.231 0.792 0.016 0.108
0 0.247 0.786 0.026 0.123
0 0.301 0.627 0.049 0.233
0 0.328 0.741 0.017 0.052
0 0.345 0.713 0.021 0.12
0 0.356 0.751 0.011 0.04
0 0.37 0.755 0.012 0.066
0 0.38 0.775 0.018 0.082
0 0.432 0.74 0.008 0.024
0 0.477 0.838 0.047 0.234
0 0.461 0.74 0.008 0.021
0 0.483 0.625 0.04 0.212
0 0.485 0.74 0.013 0.033
0 0.549 0.707 0.015 0.062
0 0.659 0.858 0.058 0.281
0 0.667 0.372 0.008 0.023
0 0.667 0.49 0.008 0.021
0 0.711 0.869 0.079 0.259
0 0.684 0.426 0.008 0.019
0 0.684 0.485 0.009 0.016
0 0.685 0.62 0.011 0.024
0 0.697 0.365 0.009 0.021
0 0.7 0.423 0.012 0.023
0 0.7 0.484 0.012 0.024
0 0.713 0.482 0.008 0.019
0 0.718 0.365 0.008 0.023
0 0.727 0.426 0.006 0.019
0 0.734 0.487 0.008 0.019
0 0.791 0.861 0.09 0.274
0 0.93 0.747 0.033 0.056
0 0.959 0.747 0.025 0.062
0 0.983 0.789 0.031 0.148
1 0.454 0.826 0.133 0.153
1 0.54 0.811 0.091 0.153
1 0.677 0.833 0.196 0.243
1 0.861 0.824 0.275 0.234
