0 0.782 0.688 0.056 0.223
0 0.21 0.621 0.019 0.07
0 0.239 0.647 0.03 0.044
0 0.289 0.641 0.038 0.031
0 0.38 0.731 0.064 0.291
0 0.46 0.726 0.05 0.29
0 0.494 0.726 0.037 0.243
0 0.671 0.703 0.081 0.255
0 0.724 0.704 0.046 0.236
0 0.859 0.623 0.032 0.075
0 0.87 0.597 0.027 0.051
0 0.91 0.611 0.027 0.035
1 0.119 0.681 0.238 0.176
1 0.261 0.764 0.494 0.206
1 0.367 0.646 0.23 0.111
1 0.555 0.731 0.293 0.179
1 0.662 0.711 0.29 0.171
1 0.865 0.701 0.234 0.146
1 0.909 0.605 0.179 0.111
1 0.932 0.659 0.132 0.108
1 0.944 0.603 0.071 0.038
