0 0.932 0.209 0.129 0.178
1 0.503 0.564 0.893 0.715
0 0.045 0.277 0.018 0.047
0 0.119 0.278 0.059 0.186
0 0.129 0.284 0.028 0.13
0 0.276 0.25 0.032 0.12
0 0.296 0.268 0.052 0.151
0 0.355 0.26 0.022 0.025
0 0.442 0.216 0.028 0.026
0 0.47 0.233 0.035 0.107
0 0.51 0.217 0.049 0.109
0 0.62 0.186 0.02 0.008
0 0.719 0.174 0.014 0.02
0 0.747 0.177 0.013 0.01
0 0.784 0.195 0.058 0.172
0 0.831 0.194 0.04 0.086
0 0.876 0.195 0.049 0.102
1 0.137 0.288 0.223 0.203
1 0.381 0.301 0.16 0.062
1 0.742 0.388 0.515 0.411
