0 0.028 0.34 0.057 0.325
0 0.059 0.317 0.046 0.245
0 0.095 0.306 0.028 0.17
0 0.105 0.277 0.011 0.091
0 0.133 0.337 0.046 0.192
0 0.213 0.272 0.031 0.097
0 0.234 0.266 0.035 0.078
0 0.259 0.259 0.02 0.076
0 0.276 0.235 0.011 0.025
0 0.285 0.255 0.011 0.069
0 0.302 0.26 0.041 0.086
0 0.314 0.234 0.009 0.022
0 0.321 0.245 0.011 0.026
0 0.347 0.247 0.016 0.037
0 0.356 0.241 0.007 0.022
0 0.366 0.242 0.022 0.037
0 0.375 0.241 0.013 0.025
0 0.386 0.239 0.013 0.02
0 0.402 0.241 0.027 0.034
0 0.411 0.239 0.01 0.02
0 0.432 0.245 0.007 0.026
0 0.437 0.241 0.007 0.022
0 0.442 0.246 0.011 0.023
0 0.474 0.256 0.059 0.143
0 0.45 0.234 0.005 0.016
0 0.493 0.256 0.016 0.056
0 0.501 0.252 0.014 0.056
0 0.519 0.257 0.031 0.089
0 0.535 0.257 0.012 0.045
0 0.542 0.258 0.007 0.042
0 0.55 0.257 0.006 0.045
0 0.556 0.258 0.009 0.047
0 0.598 0.283 0.023 0.11
0 0.617 0.281 0.047 0.126
0 0.631 0.264 0.023 0.095
0 0.645 0.266 0.013 0.092
0 0.665 0.261 0.042 0.139
0 0.687 0.238 0.011 0.025
0 0.708 0.214 0.009 0.028
0 0.726 0.216 0.01 0.037
0 0.746 0.222 0.004 0.019
0 0.771 0.319 0.025 0.152
0 0.788 0.318 0.039 0.196
0 0.808 0.304 0.028 0.198
0 0.88 0.217 0.01 0.018
0 0.936 0.435 0.106 0.41
0 0.894 0.217 0.007 0.013
0 0.918 0.209 0.014 0.035
0 0.972 0.367 0.054 0.324
1 0.466 0.578 0.873 0.395
1 0.417 0.422 0.634 0.211
1 0.362 0.343 0.427 0.177
