0 0.016 0.248 0.031 0.219
0 0.046 0.236 0.045 0.216
0 0.075 0.201 0.022 0.099
0 0.096 0.197 0.036 0.103
0 0.11 0.218 0.046 0.181
0 0.124 0.232 0.062 0.172
0 0.151 0.197 0.05 0.118
0 0.151 0.254 0.032 0.103
0 0.18 0.216 0.048 0.203
0 0.218 0.213 0.077 0.235
0 0.289 0.243 0.058 0.26
0 0.345 0.213 0.045 0.182
0 0.375 0.208 0.038 0.163
0 0.375 0.134 0.028 0.05
0 0.415 0.226 0.057 0.243
0 0.458 0.279 0.066 0.262
0 0.509 0.249 0.054 0.285
0 0.549 0.246 0.04 0.243
0 0.597 0.265 0.062 0.279
0 0.622 0.204 0.037 0.11
0 0.666 0.273 0.077 0.301
0 0.729 0.26 0.049 0.281
0 0.725 0.161 0.016 0.037
0 0.795 0.304 0.067 0.44
0 0.787 0.144 0.026 0.053
0 0.848 0.193 0.044 0.159
0 0.885 0.19 0.059 0.184
0 0.919 0.32 0.1 0.513
0 0.961 0.147 0.048 0.085
0 0.979 0.244 0.041 0.294
1 0.05 0.76 0.101 0.478
1 0.485 0.515 0.891 0.441
