0 0.513 0.602 0.072 0.255
1 0.188 0.686 0.375 0.245
0 0.021 0.469 0.028 0.088
0 0.052 0.468 0.022 0.051
0 0.06 0.447 0.025 0.066
0 0.103 0.447 0.026 0.091
0 0.161 0.509 0.029 0.083
0 0.193 0.496 0.051 0.116
0 0.25 0.488 0.021 0.078
0 0.283 0.443 0.017 0.089
0 0.303 0.443 0.028 0.078
0 0.382 0.649 0.075 0.237
0 0.389 0.518 0.044 0.139
0 0.467 0.389 0.099 0.105
0 0.44 0.507 0.041 0.148
0 0.508 0.493 0.05 0.102
0 0.55 0.549 0.025 0.234
0 0.598 0.44 0.042 0.11
0 0.661 0.553 0.079 0.116
0 0.643 0.371 0.022 0.054
0 0.683 0.485 0.055 0.092
0 0.693 0.379 0.015 0.064
0 0.726 0.506 0.041 0.116
0 0.74 0.458 0.029 0.105
0 0.74 0.393 0.016 0.037
0 0.766 0.455 0.018 0.123
0 0.803 0.377 0.016 0.04
0 0.822 0.359 0.012 0.063
0 0.945 0.458 0.039 0.045
1 0.899 0.384 0.064 0.02
