0 0.088 0.543 0.014 0.047
0 0.265 0.545 0.019 0.051
0 0.548 0.601 0.053 0.215
1 0.198 0.542 0.031 0.035
1 0.234 0.538 0.065 0.037
1 0.25 0.543 0.062 0.023
1 0.285 0.542 0.03 0.034
1 0.315 0.538 0.062 0.034
1 0.37 0.545 0.072 0.038
1 0.412 0.54 0.026 0.031
1 0.436 0.548 0.021 0.031
1 0.465 0.551 0.038 0.05
1 0.483 0.538 0.045 0.037
1 0.66 0.542 0.048 0.051
1 0.707 0.534 0.048 0.044
1 0.742 0.529 0.038 0.04
1 0.766 0.526 0.031 0.034
1 0.787 0.526 0.021 0.028
1 0.805 0.523 0.016 0.02
1 0.846 0.515 0.008 0.012
1 0.863 0.517 0.024 0.015
