0 0.574 0.891 0.07 0.187
1 0.479 0.568 0.242 0.204
0 0.052 0.938 0.09 0.121
0 0.066 0.549 0.036 0.152
0 0.203 0.955 0.092 0.086
0 0.182 0.351 0.01 0.089
0 0.195 0.456 0.024 0.122
0 0.204 0.472 0.042 0.128
0 0.3 0.935 0.09 0.128
0 0.294 0.637 0.051 0.205
0 0.289 0.402 0.036 0.049
0 0.329 0.496 0.027 0.131
0 0.343 0.622 0.047 0.178
0 0.383 0.95 0.069 0.096
0 0.385 0.442 0.033 0.068
0 0.407 0.55 0.037 0.154
0 0.458 0.942 0.093 0.114
0 0.442 0.563 0.032 0.152
0 0.522 0.933 0.064 0.131
0 0.627 0.871 0.071 0.256
0 0.685 0.834 0.068 0.249
0 0.677 0.527 0.03 0.078
0 0.716 0.698 0.05 0.233
0 0.82 0.751 0.078 0.223
0 0.842 0.549 0.035 0.078
0 0.967 0.833 0.063 0.236
0 0.975 0.949 0.049 0.099
1 0.27 0.471 0.164 0.141
1 0.811 0.675 0.355 0.247
