1 0.1 0.865 0.199 0.253
0 0.062 0.737 0.033 0.097
0 0.075 0.738 0.028 0.112
0 0.105 0.761 0.024 0.078
0 0.128 0.748 0.069 0.128
0 0.155 0.766 0.041 0.129
0 0.199 0.796 0.034 0.147
0 0.246 0.778 0.021 0.162
0 0.434 0.747 0.014 0.076
0 0.453 0.743 0.028 0.057
0 0.645 0.739 0.023 0.078
0 0.656 0.75 0.024 0.112
0 0.669 0.743 0.019 0.072
0 0.685 0.762 0.03 0.088
0 0.692 0.742 0.022 0.081
0 0.716 0.746 0.026 0.113
0 0.746 0.766 0.054 0.176
0 0.79 0.824 0.063 0.237
0 0.828 0.817 0.063 0.254
1 0.558 0.725 0.021 0.032
1 0.608 0.755 0.076 0.134
1 0.983 0.751 0.032 0.163
