0 0.077 0.352 0.154 0.632
0 0.111 0.089 0.098 0.147
0 0.215 0.191 0.16 0.298
0 0.336 0.145 0.064 0.094
0 0.322 0.154 0.03 0.073
0 0.37 0.138 0.034 0.115
0 0.468 0.192 0.193 0.259
0 0.49 0.157 0.06 0.176
0 0.5 0.126 0.04 0.083
0 0.511 0.159 0.051 0.174
0 0.551 0.152 0.029 0.109
0 0.646 0.452 0.179 0.745
0 0.587 0.135 0.026 0.066
0 0.824 0.356 0.188 0.712
0 0.759 0.137 0.024 0.069
0 0.787 0.141 0.009 0.029
0 0.799 0.134 0.017 0.042
0 0.922 0.264 0.126 0.43
0 0.983 0.16 0.031 0.128
1 0.188 0.389 0.375 0.426
1 0.509 0.572 0.938 0.854
