0 0.961 0.688 0.068 0.286
0 0.418 0.636 0.021 0.069
0 0.525 0.623 0.015 0.035
0 0.543 0.645 0.021 0.055
0 0.587 0.693 0.062 0.181
0 0.637 0.661 0.042 0.118
0 0.628 0.494 0.02 0.046
0 0.707 0.647 0.023 0.083
0 0.83 0.624 0.011 0.055
0 0.852 0.652 0.02 0.12
0 0.873 0.653 0.042 0.142
0 0.888 0.646 0.028 0.118
0 0.914 0.66 0.045 0.174
0 0.91 0.592 0.011 0.021
1 0.028 0.697 0.057 0.202
1 0.19 0.694 0.244 0.125
1 0.333 0.665 0.147 0.1
1 0.557 0.636 0.031 0.051
1 0.687 0.621 0.02 0.021
1 0.777 0.63 0.058 0.073
