0 0.182 0.407 0.013 0.017
0 0.206 0.404 0.012 0.012
0 0.34 0.492 0.083 0.118
0 0.355 0.489 0.098 0.096
0 0.507 0.439 0.056 0.055
0 0.685 0.504 0.216 0.131
0 0.617 0.413 0.017 0.022
0 0.65 0.447 0.055 0.046
0 0.64 0.433 0.027 0.028
0 0.632 0.411 0.007 0.019
0 0.693 0.488 0.117 0.093
0 0.705 0.483 0.129 0.094
0 0.67 0.447 0.053 0.05
0 0.656 0.41 0.013 0.02
0 0.705 0.413 0.012 0.015
0 0.786 0.439 0.036 0.089
1 0.096 0.442 0.193 0.071
1 0.201 0.425 0.046 0.041
1 0.377 0.423 0.04 0.027
1 0.514 0.414 0.069 0.015
