0 0.595 0.54 0.094 0.373
0 0.088 0.457 0.027 0.158
0 0.142 0.399 0.025 0.063
0 0.184 0.384 0.024 0.054
0 0.195 0.403 0.035 0.051
0 0.225 0.298 0.013 0.069
0 0.248 0.419 0.026 0.086
0 0.277 0.409 0.032 0.107
0 0.354 0.44 0.027 0.13
0 0.396 0.433 0.024 0.13
0 0.428 0.428 0.033 0.13
0 0.452 0.43 0.026 0.136
0 0.481 0.436 0.022 0.126
0 0.492 0.405 0.019 0.107
0 0.51 0.414 0.01 0.086
0 0.52 0.41 0.017 0.105
0 0.536 0.413 0.017 0.091
0 0.635 0.386 0.021 0.042
0 0.667 0.369 0.073 0.061
0 0.719 0.386 0.022 0.037
0 0.75 0.378 0.032 0.082
0 0.787 0.397 0.032 0.073
0 0.825 0.447 0.096 0.502
0 0.927 0.443 0.093 0.447
0 0.969 0.435 0.054 0.243
1 0.663 0.467 0.311 0.149
