1 0.493 0.512 0.87 0.586
0 0.055 0.217 0.063 0.148
0 0.076 0.225 0.031 0.107
0 0.139 0.225 0.035 0.113
0 0.154 0.216 0.018 0.052
0 0.165 0.213 0.018 0.059
0 0.193 0.22 0.016 0.062
0 0.252 0.252 0.021 0.025
0 0.272 0.252 0.014 0.025
0 0.302 0.24 0.015 0.049
0 0.314 0.214 0.02 0.103
0 0.331 0.217 0.018 0.082
0 0.349 0.225 0.027 0.069
0 0.374 0.215 0.023 0.086
0 0.476 0.189 0.01 0.033
0 0.496 0.199 0.012 0.009
0 0.616 0.182 0.011 0.012
0 0.629 0.18 0.014 0.016
0 0.686 0.18 0.012 0.014
0 0.702 0.18 0.009 0.016
0 0.75 0.165 0.009 0.026
0 0.832 0.173 0.009 0.018
0 0.872 0.206 0.036 0.118
0 0.864 0.176 0.008 0.013
0 0.894 0.167 0.008 0.017
0 0.9 0.169 0.009 0.014
0 0.918 0.177 0.024 0.073
1 0.209 0.396 0.418 0.395
1 0.669 0.236 0.355 0.137
1 0.947 0.22 0.104 0.172
