0 0.602 0.374 0.092 0.138
1 0.702 0.481 0.495 0.202
0 0.299 0.308 0.023 0.075
0 0.351 0.276 0.037 0.033
0 0.401 0.437 0.064 0.215
0 0.476 0.392 0.046 0.038
0 0.826 0.324 0.05 0.098
0 0.884 0.332 0.048 0.1
1 0.134 0.565 0.236 0.183
1 0.197 0.4 0.353 0.156
1 0.356 0.676 0.667 0.116
1 0.409 0.443 0.667 0.199
1 0.26 0.303 0.163 0.063
1 0.388 0.304 0.179 0.075
1 0.681 0.646 0.615 0.162
1 0.51 0.306 0.228 0.071
1 0.659 0.319 0.266 0.095
1 0.774 0.325 0.239 0.099
1 0.903 0.325 0.146 0.103
1 0.955 0.531 0.08 0.097
