0 0.083 0.615 0.071 0.301
0 0.137 0.604 0.084 0.294
0 0.149 0.452 0.03 0.109
0 0.219 0.691 0.124 0.382
0 0.172 0.434 0.022 0.082
0 0.188 0.466 0.047 0.062
0 0.189 0.518 0.041 0.104
0 0.321 0.687 0.079 0.353
0 0.332 0.521 0.037 0.082
0 0.362 0.477 0.031 0.073
0 0.432 0.666 0.082 0.329
0 0.554 0.647 0.078 0.333
0 0.559 0.49 0.057 0.104
0 0.614 0.469 0.062 0.132
0 0.67 0.673 0.075 0.315
0 0.694 0.466 0.066 0.112
0 0.758 0.519 0.088 0.077
0 0.87 0.654 0.09 0.331
0 0.968 0.574 0.062 0.262
1 0.52 0.419 0.145 0.094
1 0.888 0.515 0.185 0.158
1 0.869 0.418 0.081 0.036
1 0.909 0.397 0.093 0.047
1 0.946 0.407 0.105 0.056
1 0.972 0.449 0.055 0.065
