0 0.021 0.889 0.042 0.11
0 0.024 0.932 0.048 0.13
0 0.163 0.896 0.089 0.202
0 0.2 0.955 0.089 0.085
0 0.25 0.544 0.033 0.056
0 0.292 0.532 0.042 0.084
0 0.35 0.887 0.067 0.22
0 0.405 0.735 0.058 0.111
0 0.413 0.57 0.04 0.059
0 0.562 0.522 0.034 0.155
0 0.588 0.412 0.028 0.103
0 0.595 0.528 0.037 0.164
0 0.595 0.449 0.029 0.053
0 0.623 0.529 0.037 0.142
0 0.662 0.576 0.043 0.167
0 0.758 0.636 0.073 0.182
0 0.777 0.733 0.058 0.226
0 0.831 0.774 0.07 0.258
0 0.979 0.543 0.037 0.123
0 0.982 0.644 0.031 0.117
1 0.351 0.726 0.511 0.364
1 0.573 0.255 0.052 0.035
1 0.76 0.415 0.151 0.191
