0 0.285 0.242 0.132 0.387
1 0.481 0.531 0.748 0.678
0 0.086 0.095 0.016 0.097
0 0.107 0.087 0.021 0.11
0 0.198 0.105 0.029 0.119
0 0.35 0.187 0.075 0.366
0 0.452 0.165 0.085 0.288
0 0.533 0.069 0.017 0.044
0 0.554 0.068 0.019 0.034
0 0.711 0.086 0.021 0.11
0 0.729 0.086 0.041 0.111
0 0.759 0.092 0.019 0.105
1 0.043 0.102 0.086 0.078
1 0.135 0.413 0.271 0.466
1 0.148 0.101 0.092 0.082
1 0.493 0.079 0.063 0.091
1 0.586 0.093 0.137 0.13
1 0.693 0.103 0.131 0.101
1 0.836 0.105 0.147 0.113
1 0.946 0.108 0.105 0.11
