0 0.934 0.358 0.101 0.507
1 0.468 0.587 0.842 0.643
0 0.055 0.42 0.11 0.735
0 0.108 0.22 0.029 0.079
0 0.169 0.21 0.024 0.057
0 0.281 0.197 0.035 0.058
0 0.328 0.208 0.052 0.062
0 0.362 0.219 0.031 0.122
0 0.394 0.227 0.041 0.093
0 0.466 0.25 0.033 0.117
0 0.506 0.253 0.053 0.154
0 0.559 0.254 0.036 0.147
0 0.588 0.254 0.028 0.111
0 0.62 0.253 0.025 0.072
0 0.779 0.301 0.09 0.274
0 0.844 0.312 0.089 0.254
1 0.232 0.296 0.271 0.164
1 0.348 0.378 0.502 0.258
1 0.195 0.237 0.161 0.085
1 0.262 0.322 0.254 0.144
