0 0.048 0.336 0.097 0.672
0 0.103 0.2 0.109 0.183
0 0.154 0.261 0.073 0.335
0 0.183 0.136 0.02 0.032
0 0.204 0.266 0.049 0.283
0 0.228 0.204 0.035 0.195
0 0.344 0.316 0.103 0.365
0 0.341 0.258 0.068 0.234
0 0.508 0.581 0.296 0.777
0 0.393 0.202 0.033 0.143
0 0.441 0.23 0.07 0.167
0 0.506 0.156 0.051 0.104
0 0.555 0.318 0.087 0.357
0 0.638 0.274 0.081 0.319
0 0.621 0.154 0.031 0.067
0 0.695 0.261 0.062 0.259
0 0.755 0.283 0.088 0.324
0 0.757 0.333 0.084 0.329
1 0.253 0.206 0.115 0.171
1 0.456 0.211 0.094 0.146
1 0.636 0.233 0.089 0.135
1 0.846 0.237 0.104 0.12
1 0.958 0.243 0.081 0.126
