0 0.857 0.627 0.243 0.714
1 0.281 0.609 0.539 0.556
0 0.016 0.415 0.032 0.126
0 0.113 0.406 0.041 0.126
0 0.15 0.411 0.017 0.103
0 0.541 0.4 0.007 0.04
0 0.548 0.399 0.008 0.035
0 0.548 0.402 0.0 0.035
0 0.557 0.402 0.007 0.032
0 0.569 0.394 0.008 0.05
0 0.581 0.4 0.004 0.029
0 0.59 0.404 0.008 0.037
0 0.59 0.408 0.0 0.044
0 0.605 0.4 0.013 0.044
0 0.612 0.411 0.021 0.117
0 0.624 0.45 0.033 0.152
0 0.637 0.452 0.046 0.229
0 0.649 0.494 0.038 0.284
0 0.67 0.512 0.075 0.374
0 0.731 0.622 0.13 0.598
0 0.967 0.452 0.064 0.271
