0 0.268 0.822 0.054 0.292
0 0.306 0.871 0.044 0.217
0 0.333 0.824 0.049 0.25
0 0.398 0.833 0.062 0.232
0 0.401 0.808 0.056 0.23
0 0.455 0.836 0.056 0.32
0 0.489 0.803 0.027 0.224
0 0.507 0.827 0.049 0.271
0 0.55 0.824 0.042 0.258
0 0.57 0.814 0.029 0.211
0 0.588 0.809 0.026 0.186
0 0.619 0.832 0.044 0.26
0 0.628 0.76 0.035 0.149
0 0.758 0.787 0.035 0.154
0 0.799 0.8 0.036 0.23
0 0.869 0.814 0.058 0.237
0 0.907 0.797 0.046 0.185
0 0.936 0.82 0.058 0.205
1 0.046 0.766 0.092 0.09
1 0.099 0.835 0.198 0.213
1 0.261 0.816 0.211 0.254
1 0.712 0.839 0.141 0.22
