0 0.249 0.761 0.087 0.054
0 0.292 0.832 0.03 0.173
0 0.311 0.814 0.028 0.161
0 0.337 0.816 0.023 0.151
0 0.352 0.802 0.021 0.139
0 0.371 0.747 0.01 0.034
0 0.383 0.747 0.008 0.029
0 0.409 0.81 0.029 0.113
0 0.44 0.807 0.027 0.116
0 0.519 0.365 0.044 0.097
0 0.528 0.761 0.005 0.015
0 0.536 0.774 0.012 0.048
0 0.602 0.769 0.016 0.057
0 0.623 0.774 0.024 0.06
0 0.668 0.799 0.029 0.1
0 0.676 0.792 0.037 0.146
0 0.699 0.812 0.014 0.107
0 0.814 0.825 0.075 0.221
0 0.808 0.833 0.057 0.211
0 0.841 0.769 0.026 0.07
0 0.866 0.799 0.031 0.123
0 0.909 0.8 0.03 0.098
1 0.03 0.821 0.061 0.113
1 0.17 0.799 0.098 0.082
1 0.292 0.802 0.084 0.086
1 0.545 0.759 0.014 0.034
