0 0.163 0.529 0.042 0.163
0 0.255 0.627 0.092 0.291
0 0.344 0.645 0.26 0.304
0 0.332 0.502 0.037 0.085
0 0.435 0.64 0.131 0.292
0 0.456 0.662 0.132 0.235
0 0.534 0.664 0.115 0.266
0 0.601 0.679 0.161 0.254
0 0.629 0.663 0.088 0.26
0 0.694 0.653 0.113 0.294
0 0.751 0.604 0.08 0.347
0 0.779 0.678 0.128 0.298
0 0.813 0.67 0.13 0.261
0 0.974 0.708 0.05 0.373
1 0.045 0.502 0.09 0.091
1 0.102 0.504 0.076 0.087
1 0.168 0.497 0.065 0.081
1 0.341 0.501 0.096 0.066
1 0.401 0.48 0.046 0.029
1 0.523 0.504 0.099 0.075
1 0.517 0.475 0.083 0.057
1 0.577 0.488 0.043 0.059
1 0.707 0.488 0.011 0.035
1 0.838 0.477 0.048 0.025
1 0.897 0.484 0.048 0.066
1 0.941 0.495 0.067 0.088
