0 0.166 0.885 0.063 0.227
0 0.242 0.902 0.071 0.194
0 0.285 0.882 0.068 0.233
0 0.358 0.811 0.071 0.211
0 0.38 0.917 0.081 0.163
0 0.416 0.852 0.076 0.28
0 0.418 0.726 0.039 0.098
0 0.529 0.877 0.055 0.243
0 0.574 0.902 0.057 0.188
0 0.605 0.934 0.066 0.129
0 0.601 0.633 0.048 0.206
0 0.611 0.867 0.059 0.225
0 0.683 0.483 0.051 0.169
0 0.708 0.441 0.04 0.161
0 0.756 0.883 0.078 0.23
0 0.756 0.502 0.051 0.186
0 0.81 0.872 0.063 0.249
0 0.896 0.519 0.045 0.132
0 0.928 0.434 0.052 0.215
0 0.94 0.911 0.076 0.176
1 0.723 0.121 0.081 0.086
1 0.938 0.107 0.104 0.095
