1 0.377 0.673 0.31 0.285
0 0.129 0.894 0.199 0.21
0 0.098 0.521 0.032 0.076
0 0.12 0.512 0.025 0.079
0 0.134 0.566 0.018 0.089
0 0.17 0.541 0.019 0.129
0 0.179 0.54 0.031 0.138
0 0.214 0.566 0.071 0.098
0 0.351 0.809 0.16 0.379
0 0.558 0.476 0.036 0.069
0 0.613 0.553 0.033 0.09
0 0.608 0.529 0.018 0.039
0 0.802 0.701 0.08 0.09
0 0.798 0.623 0.041 0.108
0 0.85 0.6 0.145 0.249
0 0.799 0.538 0.025 0.094
0 0.878 0.559 0.039 0.139
0 0.964 0.586 0.037 0.141
1 0.066 0.62 0.133 0.259
1 0.562 0.589 0.142 0.165
1 0.644 0.544 0.104 0.109
1 0.711 0.534 0.056 0.086
1 0.757 0.534 0.044 0.083
