0 0.536 0.773 0.091 0.316
0 0.047 0.749 0.053 0.287
0 0.158 0.765 0.06 0.306
0 0.221 0.449 0.046 0.072
0 0.273 0.505 0.059 0.124
0 0.312 0.591 0.087 0.125
0 0.355 0.768 0.097 0.287
0 0.357 0.518 0.037 0.104
0 0.388 0.521 0.037 0.062
0 0.391 0.579 0.043 0.086
0 0.394 0.421 0.036 0.075
0 0.418 0.755 0.049 0.236
0 0.431 0.505 0.042 0.079
0 0.466 0.512 0.036 0.097
0 0.484 0.723 0.061 0.236
0 0.548 0.513 0.029 0.046
0 0.568 0.714 0.05 0.202
0 0.586 0.502 0.034 0.086
0 0.63 0.743 0.072 0.242
0 0.629 0.496 0.052 0.075
0 0.664 0.492 0.032 0.054
0 0.689 0.69 0.054 0.265
0 0.701 0.494 0.039 0.07
0 0.721 0.683 0.064 0.263
0 0.765 0.678 0.041 0.236
0 0.793 0.622 0.03 0.154
0 0.843 0.697 0.052 0.207
0 0.867 0.746 0.083 0.263
0 0.911 0.688 0.03 0.128
0 0.944 0.763 0.064 0.251
1 0.227 0.717 0.303 0.335
