0 0.275 0.581 0.049 0.2
0 0.05 0.537 0.062 0.168
0 0.096 0.499 0.027 0.14
0 0.133 0.501 0.032 0.14
0 0.159 0.469 0.018 0.131
0 0.186 0.466 0.031 0.117
0 0.219 0.512 0.029 0.15
0 0.238 0.548 0.037 0.166
0 0.342 0.568 0.044 0.173
0 0.388 0.587 0.037 0.182
0 0.468 0.574 0.04 0.22
0 0.481 0.582 0.041 0.2
0 0.535 0.636 0.061 0.216
0 0.542 0.606 0.044 0.229
0 0.58 0.582 0.023 0.2
0 0.611 0.569 0.048 0.197
0 0.656 0.55 0.038 0.176
0 0.704 0.532 0.031 0.152
0 0.762 0.744 0.05 0.299
0 0.756 0.489 0.029 0.069
0 0.775 0.474 0.036 0.073
0 0.789 0.597 0.047 0.103
0 0.813 0.659 0.055 0.122
0 0.806 0.447 0.018 0.089
0 0.821 0.576 0.033 0.134
0 0.827 0.44 0.022 0.06
0 0.913 0.629 0.151 0.133
0 0.923 0.778 0.074 0.102
0 0.905 0.612 0.031 0.163
0 0.938 0.589 0.047 0.157
0 0.944 0.628 0.049 0.115
0 0.978 0.633 0.041 0.115
0 0.984 0.512 0.028 0.071
0 0.986 0.565 0.024 0.089
1 0.842 0.542 0.27 0.175
1 0.877 0.827 0.242 0.293
