0 0.385 0.835 0.056 0.191
0 0.014 0.345 0.022 0.061
0 0.032 0.319 0.014 0.064
0 0.07 0.297 0.02 0.047
0 0.111 0.7 0.052 0.133
0 0.16 0.266 0.016 0.051
0 0.193 0.638 0.04 0.127
0 0.24 0.601 0.031 0.12
0 0.266 0.541 0.017 0.099
0 0.379 0.617 0.037 0.13
0 0.385 0.362 0.014 0.073
0 0.416 0.368 0.022 0.06
0 0.428 0.321 0.012 0.041
0 0.443 0.359 0.02 0.061
0 0.537 0.65 0.041 0.137
0 0.574 0.33 0.01 0.042
0 0.599 0.329 0.021 0.044
0 0.617 0.663 0.036 0.136
0 0.608 0.29 0.01 0.038
0 0.64 0.634 0.024 0.134
0 0.667 0.644 0.016 0.14
0 0.676 0.362 0.012 0.042
0 0.703 0.646 0.036 0.131
0 0.701 0.379 0.019 0.076
0 0.722 0.709 0.044 0.144
0 0.75 0.36 0.016 0.058
0 0.771 0.356 0.012 0.064
0 0.803 0.65 0.032 0.14
1 0.499 0.451 0.172 0.101
1 0.46 0.196 0.055 0.031
1 0.542 0.201 0.055 0.035
1 0.831 0.463 0.174 0.098
