0 0.02 0.484 0.04 0.088
0 0.046 0.464 0.045 0.139
0 0.089 0.446 0.04 0.185
0 0.129 0.524 0.055 0.195
0 0.207 0.485 0.046 0.113
0 0.229 0.441 0.027 0.155
0 0.248 0.466 0.044 0.13
0 0.259 0.428 0.037 0.164
0 0.318 0.333 0.05 0.082
0 0.312 0.444 0.028 0.088
0 0.466 0.48 0.052 0.186
0 0.477 0.463 0.038 0.135
0 0.521 0.53 0.057 0.198
0 0.522 0.435 0.042 0.06
0 0.542 0.22 0.028 0.059
0 0.558 0.6 0.048 0.167
0 0.565 0.463 0.045 0.125
0 0.595 0.738 0.044 0.04
0 0.596 0.433 0.022 0.06
0 0.618 0.439 0.043 0.069
0 0.631 0.496 0.047 0.097
0 0.651 0.448 0.025 0.107
0 0.704 0.276 0.044 0.063
0 0.757 0.537 0.053 0.164
0 0.741 0.279 0.016 0.034
0 0.756 0.24 0.042 0.098
0 0.773 0.266 0.045 0.087
0 0.781 0.468 0.046 0.094
0 0.791 0.605 0.051 0.18
0 0.848 0.498 0.061 0.095
0 0.852 0.285 0.034 0.054
0 0.877 0.264 0.026 0.065
0 0.902 0.551 0.074 0.144
1 0.345 0.588 0.379 0.161
1 0.591 0.745 0.443 0.12
1 0.923 0.687 0.152 0.183
