0 0.074 0.374 0.039 0.079
0 0.116 0.37 0.049 0.093
0 0.156 0.652 0.07 0.049
0 0.188 0.621 0.081 0.069
0 0.584 0.206 0.02 0.022
0 0.598 0.216 0.026 0.029
0 0.627 0.214 0.033 0.032
0 0.709 0.238 0.03 0.05
0 0.732 0.243 0.021 0.048
0 0.745 0.365 0.048 0.062
0 0.757 0.7 0.064 0.073
0 0.751 0.236 0.023 0.047
0 0.76 0.237 0.02 0.052
0 0.781 0.24 0.018 0.04
0 0.825 0.696 0.1 0.079
0 0.871 0.333 0.034 0.072
0 0.919 0.409 0.057 0.096
0 0.966 0.407 0.049 0.086
1 0.532 0.334 0.236 0.071
1 0.522 0.075 0.107 0.056
