0 0.071 0.721 0.021 0.101
0 0.285 0.721 0.023 0.057
0 0.317 0.746 0.043 0.148
0 0.343 0.846 0.092 0.269
0 0.36 0.664 0.01 0.042
0 0.521 0.649 0.008 0.026
0 0.573 0.67 0.014 0.04
0 0.607 0.699 0.023 0.095
0 0.828 0.646 0.006 0.019
0 0.832 0.667 0.008 0.034
0 0.907 0.66 0.013 0.041
1 0.037 0.699 0.068 0.104
1 0.125 0.679 0.077 0.092
1 0.178 0.682 0.152 0.085
1 0.333 0.754 0.226 0.176
1 0.301 0.637 0.024 0.02
1 0.331 0.646 0.04 0.034
1 0.373 0.645 0.036 0.025
1 0.401 0.642 0.017 0.019
1 0.78 0.643 0.044 0.04
