0 0.203 0.719 0.11 0.331
0 0.013 0.54 0.025 0.078
0 0.033 0.555 0.044 0.039
0 0.082 0.54 0.042 0.055
0 0.137 0.573 0.036 0.062
0 0.178 0.573 0.027 0.065
0 0.247 0.622 0.03 0.094
0 0.275 0.648 0.054 0.141
0 0.304 0.63 0.033 0.074
0 0.312 0.553 0.029 0.068
0 0.342 0.655 0.043 0.122
0 0.375 0.665 0.048 0.165
0 0.438 0.679 0.078 0.129
0 0.497 0.622 0.196 0.215
0 0.617 0.6 0.037 0.147
0 0.653 0.637 0.043 0.073
0 0.665 0.589 0.036 0.053
0 0.708 0.602 0.03 0.06
0 0.968 0.477 0.029 0.128
1 0.773 0.747 0.451 0.303
