0 0.962 0.92 0.049 0.156
0 0.008 0.573 0.017 0.048
0 0.008 0.54 0.016 0.023
0 0.028 0.573 0.02 0.047
0 0.04 0.567 0.014 0.06
0 0.068 0.565 0.019 0.047
0 0.091 0.565 0.024 0.056
0 0.117 0.553 0.014 0.023
0 0.117 0.569 0.014 0.047
0 0.136 0.574 0.011 0.048
0 0.147 0.573 0.014 0.039
0 0.156 0.575 0.016 0.037
0 0.172 0.571 0.016 0.052
0 0.189 0.575 0.018 0.05
0 0.222 0.659 0.033 0.031
0 0.226 0.576 0.015 0.045
0 0.229 0.312 0.019 0.034
0 0.228 0.428 0.011 0.044
0 0.238 0.438 0.021 0.047
0 0.251 0.315 0.016 0.027
0 0.251 0.617 0.016 0.018
0 0.276 0.813 0.047 0.161
0 0.311 0.813 0.044 0.161
0 0.322 0.44 0.017 0.04
0 0.324 0.316 0.014 0.035
0 0.342 0.806 0.035 0.166
0 0.355 0.324 0.012 0.019
0 0.389 0.806 0.039 0.168
0 0.47 0.884 0.16 0.229
0 0.448 0.761 0.041 0.097
0 0.452 0.446 0.008 0.015
0 0.463 0.448 0.004 0.015
0 0.471 0.442 0.009 0.029
0 0.483 0.44 0.019 0.031
0 0.495 0.44 0.011 0.031
0 0.502 0.446 0.017 0.031
0 0.518 0.444 0.01 0.032
0 0.538 0.447 0.016 0.026
0 0.614 0.81 0.045 0.156
0 0.628 0.64 0.031 0.032
0 0.646 0.913 0.066 0.094
0 0.675 0.806 0.044 0.156
0 0.703 0.879 0.052 0.103
0 0.819 0.895 0.187 0.206
0 0.778 0.81 0.034 0.058
0 0.861 0.781 0.046 0.089
0 0.9 0.796 0.036 0.118
0 0.982 0.815 0.034 0.158
1 0.084 0.531 0.029 0.035
1 0.09 0.558 0.035 0.026
1 0.138 0.525 0.064 0.05
1 0.219 0.681 0.206 0.108
1 0.245 0.632 0.176 0.071
1 0.19 0.548 0.03 0.048
1 0.623 0.661 0.178 0.094
1 0.699 0.69 0.204 0.105
1 0.935 0.539 0.043 0.026
1 0.962 0.542 0.036 0.023
