0 0.04 0.156 0.017 0.048
0 0.076 0.182 0.042 0.107
0 0.114 0.187 0.034 0.103
0 0.148 0.179 0.026 0.084
0 0.175 0.179 0.016 0.076
0 0.187 0.179 0.023 0.095
0 0.218 0.18 0.026 0.089
0 0.292 0.214 0.058 0.179
0 0.363 0.234 0.028 0.123
0 0.407 0.244 0.02 0.128
0 0.497 0.213 0.042 0.164
0 0.535 0.206 0.041 0.169
0 0.605 0.222 0.07 0.238
0 0.899 0.252 0.117 0.309
0 0.962 0.427 0.074 0.131
0 0.977 0.265 0.045 0.199
1 0.496 0.533 0.853 0.769
1 0.363 0.183 0.104 0.062
1 0.679 0.2 0.031 0.04
1 0.683 0.213 0.016 0.023
1 0.727 0.208 0.028 0.035
1 0.814 0.216 0.127 0.085
1 0.787 0.233 0.05 0.037
