0 0.155 0.468 0.035 0.048
0 0.199 0.486 0.036 0.095
0 0.264 0.551 0.037 0.207
0 0.284 0.546 0.045 0.217
0 0.314 0.548 0.065 0.208
0 0.337 0.561 0.057 0.184
0 0.381 0.556 0.082 0.242
0 0.409 0.561 0.066 0.225
0 0.457 0.566 0.062 0.195
0 0.476 0.572 0.068 0.197
0 0.506 0.581 0.065 0.21
0 0.555 0.579 0.066 0.237
0 0.609 0.576 0.064 0.263
0 0.624 0.613 0.084 0.24
0 0.693 0.59 0.088 0.267
0 0.692 0.595 0.084 0.268
0 0.739 0.594 0.059 0.217
0 0.762 0.607 0.085 0.224
0 0.821 0.619 0.105 0.217
0 0.794 0.605 0.043 0.201
0 0.884 0.638 0.054 0.247
0 0.897 0.615 0.073 0.257
0 0.957 0.63 0.085 0.206
0 0.969 0.638 0.061 0.224
1 0.111 0.598 0.223 0.229
1 0.112 0.512 0.224 0.182
1 0.522 0.947 0.62 0.104
