0 0.11 0.878 0.082 0.198
0 0.1 0.868 0.048 0.158
0 0.133 0.879 0.077 0.19
0 0.162 0.862 0.053 0.167
0 0.211 0.866 0.065 0.169
0 0.229 0.863 0.028 0.156
0 0.241 0.828 0.037 0.099
0 0.252 0.882 0.011 0.034
0 0.29 0.866 0.042 0.203
0 0.332 0.892 0.049 0.146
0 0.372 0.874 0.074 0.24
0 0.385 0.878 0.074 0.199
0 0.417 0.83 0.026 0.121
0 0.459 0.873 0.079 0.197
0 0.448 0.863 0.041 0.186
0 0.47 0.838 0.027 0.139
0 0.499 0.883 0.079 0.21
0 0.521 0.825 0.027 0.053
0 0.555 0.872 0.033 0.193
0 0.56 0.874 0.017 0.177
0 0.577 0.862 0.018 0.115
0 0.629 0.889 0.061 0.156
0 0.67 0.873 0.07 0.178
0 0.778 0.837 0.045 0.112
0 0.78 0.846 0.032 0.089
0 0.808 0.833 0.025 0.108
0 0.837 0.829 0.041 0.105
0 0.857 0.835 0.027 0.087
0 0.945 0.819 0.023 0.078
0 0.959 0.806 0.012 0.039
1 0.861 0.891 0.275 0.215
