0 0.069 0.447 0.087 0.37
1 0.774 0.563 0.427 0.42
0 0.377 0.533 0.133 0.432
0 0.539 0.555 0.218 0.515
0 0.475 0.449 0.068 0.252
0 0.573 0.374 0.019 0.062
0 0.578 0.333 0.008 0.025
0 0.589 0.383 0.022 0.106
0 0.61 0.378 0.013 0.093
0 0.633 0.398 0.048 0.126
0 0.64 0.362 0.015 0.051
0 0.656 0.389 0.024 0.104
0 0.673 0.383 0.024 0.101
0 0.692 0.373 0.028 0.101
0 0.708 0.375 0.018 0.091
0 0.72 0.375 0.031 0.077
0 0.742 0.35 0.029 0.058
0 0.764 0.359 0.02 0.046
0 0.763 0.324 0.011 0.026
0 0.784 0.351 0.021 0.047
0 0.803 0.351 0.035 0.049
