0 0.003 0.595 0.007 0.038
0 0.026 0.591 0.027 0.063
0 0.076 0.728 0.107 0.253
0 0.05 0.586 0.016 0.032
0 0.246 0.635 0.016 0.054
0 0.26 0.623 0.021 0.08
0 0.337 0.781 0.112 0.345
0 0.301 0.592 0.016 0.038
0 0.408 0.79 0.129 0.376
0 0.55 0.57 0.008 0.029
0 0.585 0.574 0.025 0.032
0 0.677 0.569 0.013 0.031
0 0.794 0.573 0.02 0.041
0 0.871 0.652 0.036 0.162
0 0.977 0.7 0.044 0.277
1 0.077 0.687 0.154 0.149
1 0.091 0.643 0.16 0.122
1 0.338 0.617 0.114 0.085
1 0.425 0.608 0.086 0.069
1 0.477 0.599 0.051 0.06
1 0.65 0.606 0.097 0.096
1 0.703 0.576 0.022 0.024
1 0.73 0.585 0.051 0.066
