0 0.027 0.602 0.018 0.034
0 0.062 0.72 0.016 0.06
0 0.087 0.697 0.01 0.027
0 0.128 0.676 0.02 0.06
0 0.24 0.568 0.009 0.04
0 0.275 0.419 0.014 0.027
0 0.283 0.578 0.012 0.047
0 0.299 0.492 0.009 0.03
0 0.317 0.853 0.018 0.052
0 0.33 0.882 0.017 0.072
0 0.349 0.874 0.021 0.064
0 0.451 0.65 0.013 0.042
0 0.456 0.463 0.006 0.033
0 0.479 0.602 0.015 0.027
0 0.491 0.431 0.014 0.034
0 0.521 0.449 0.012 0.026
0 0.524 0.484 0.012 0.035
0 0.537 0.411 0.009 0.023
0 0.549 0.448 0.012 0.031
0 0.558 0.452 0.012 0.039
0 0.564 0.417 0.011 0.03
0 0.568 0.452 0.005 0.031
0 0.573 0.656 0.016 0.039
0 0.575 0.417 0.009 0.025
0 0.577 0.612 0.01 0.039
0 0.587 0.708 0.012 0.055
0 0.6 0.708 0.015 0.057
0 0.6 0.432 0.012 0.023
0 0.604 0.678 0.013 0.034
0 0.629 0.792 0.025 0.049
0 0.622 0.562 0.01 0.023
0 0.638 0.881 0.02 0.051
0 0.66 0.696 0.011 0.046
0 0.667 0.799 0.021 0.053
0 0.665 0.718 0.014 0.059
0 0.674 0.706 0.009 0.059
0 0.674 0.456 0.007 0.018
0 0.685 0.467 0.011 0.034
0 0.686 0.613 0.012 0.046
0 0.709 0.863 0.02 0.074
0 0.708 0.62 0.013 0.048
0 0.73 0.643 0.014 0.051
0 0.745 0.461 0.013 0.034
0 0.748 0.699 0.011 0.056
0 0.753 0.499 0.01 0.03
0 0.76 0.467 0.013 0.042
0 0.767 0.483 0.015 0.036
0 0.77 0.558 0.02 0.048
0 0.772 0.848 0.019 0.07
0 0.774 0.516 0.016 0.029
0 0.802 0.749 0.011 0.064
0 0.81 0.486 0.015 0.038
0 0.812 0.52 0.012 0.039
0 0.819 0.754 0.01 0.047
0 0.824 0.793 0.018 0.06
0 0.836 0.763 0.017 0.057
0 0.843 0.787 0.016 0.066
0 0.848 0.656 0.021 0.03
0 0.853 0.796 0.02 0.066
0 0.856 0.611 0.014 0.053
0 0.864 0.621 0.012 0.044
0 0.876 0.617 0.013 0.036
0 0.876 0.646 0.013 0.035
0 0.883 0.561 0.016 0.044
0 0.896 0.855 0.016 0.072
0 0.898 0.652 0.017 0.042
0 0.905 0.571 0.016 0.046
0 0.91 0.871 0.021 0.068
0 0.915 0.587 0.016 0.044
0 0.933 0.591 0.013 0.044
0 0.962 0.85 0.017 0.069
1 0.024 0.381 0.048 0.027
1 0.263 0.286 0.024 0.031
1 0.285 0.317 0.029 0.038
1 0.307 0.298 0.023 0.029
1 0.315 0.257 0.017 0.029
1 0.325 0.278 0.021 0.012
1 0.331 0.252 0.015 0.022
1 0.34 0.245 0.014 0.023
1 0.366 0.253 0.018 0.025
1 0.498 0.266 0.016 0.018
1 0.541 0.294 0.012 0.021
1 0.548 0.175 0.006 0.009
1 0.55 0.212 0.01 0.013
1 0.639 0.406 0.061 0.035
1 0.652 0.408 0.061 0.031
1 0.655 0.423 0.066 0.044
1 0.706 0.402 0.054 0.035
1 0.714 0.431 0.054 0.029
1 0.726 0.443 0.067 0.039
