1 0.087 0.693 0.174 0.156
0 0.092 0.599 0.016 0.066
0 0.11 0.603 0.013 0.065
0 0.123 0.602 0.008 0.061
0 0.133 0.602 0.012 0.066
0 0.144 0.589 0.012 0.058
0 0.151 0.589 0.01 0.048
0 0.214 0.762 0.084 0.425
0 0.264 0.586 0.014 0.03
0 0.293 0.589 0.011 0.022
0 0.312 0.588 0.01 0.026
0 0.321 0.598 0.013 0.035
0 0.349 0.615 0.016 0.082
0 0.383 0.626 0.021 0.082
0 0.393 0.627 0.021 0.081
0 0.4 0.609 0.01 0.082
0 0.413 0.612 0.013 0.075
0 0.432 0.61 0.022 0.081
0 0.446 0.607 0.012 0.084
0 0.463 0.612 0.018 0.075
0 0.478 0.61 0.012 0.078
0 0.963 0.597 0.018 0.049
0 0.982 0.664 0.033 0.171
0 0.975 0.601 0.01 0.032
1 0.039 0.626 0.078 0.062
1 0.191 0.653 0.221 0.11
1 0.306 0.637 0.098 0.078
1 0.628 0.622 0.127 0.071
1 0.706 0.625 0.02 0.035
1 0.918 0.607 0.053 0.049
