0 0.046 0.539 0.052 0.126
0 0.072 0.615 0.077 0.287
0 0.146 0.507 0.03 0.05
0 0.178 0.504 0.03 0.045
0 0.212 0.618 0.019 0.234
0 0.241 0.634 0.072 0.325
0 0.285 0.519 0.038 0.063
0 0.34 0.513 0.048 0.083
0 0.38 0.529 0.031 0.067
0 0.439 0.667 0.074 0.318
0 0.423 0.534 0.029 0.063
0 0.492 0.584 0.027 0.158
0 0.516 0.589 0.026 0.184
0 0.557 0.498 0.006 0.015
0 0.564 0.593 0.017 0.184
0 0.579 0.57 0.023 0.18
0 0.608 0.575 0.023 0.17
0 0.626 0.607 0.042 0.227
0 0.661 0.566 0.026 0.116
0 0.683 0.545 0.025 0.088
0 0.7 0.531 0.023 0.067
0 0.718 0.521 0.015 0.026
0 0.725 0.539 0.019 0.018
0 0.725 0.496 0.013 0.029
0 0.732 0.52 0.011 0.022
0 0.749 0.523 0.024 0.045
0 0.75 0.502 0.011 0.029
0 0.769 0.515 0.022 0.059
0 0.779 0.531 0.027 0.032
0 0.795 0.501 0.014 0.025
0 0.808 0.533 0.022 0.044
0 0.805 0.504 0.011 0.029
0 0.833 0.523 0.015 0.029
0 0.853 0.521 0.022 0.02
0 0.854 0.493 0.016 0.02
1 0.745 0.681 0.274 0.281
1 0.877 0.615 0.112 0.179
1 0.927 0.57 0.103 0.143
