0 0.445 0.569 0.193 0.715
1 0.431 0.517 0.73 0.772
0 0.033 0.554 0.046 0.197
0 0.17 0.59 0.074 0.487
0 0.405 0.62 0.061 0.602
0 0.716 0.606 0.127 0.471
0 0.87 0.448 0.042 0.075
0 0.929 0.591 0.058 0.116
0 0.938 0.481 0.034 0.161
0 0.969 0.468 0.061 0.196
1 0.041 0.032 0.081 0.065
1 0.077 0.252 0.154 0.102
1 0.157 0.037 0.122 0.062
1 0.217 0.243 0.102 0.09
1 0.271 0.044 0.113 0.063
1 0.383 0.046 0.109 0.063
1 0.449 0.171 0.055 0.02
1 0.499 0.051 0.11 0.068
1 0.582 0.197 0.131 0.09
1 0.626 0.044 0.139 0.078
1 0.713 0.188 0.143 0.099
1 0.745 0.053 0.113 0.069
1 0.851 0.173 0.138 0.099
1 0.851 0.052 0.106 0.062
1 0.953 0.061 0.092 0.068
1 0.958 0.157 0.083 0.069
