0 0.19 0.652 0.059 0.229
1 0.624 0.678 0.279 0.252
0 0.252 0.551 0.016 0.071
0 0.271 0.542 0.02 0.065
0 0.391 0.558 0.025 0.045
0 0.469 0.546 0.016 0.028
0 0.517 0.559 0.024 0.066
0 0.548 0.529 0.018 0.037
0 0.568 0.6 0.035 0.089
0 0.567 0.535 0.015 0.031
0 0.59 0.555 0.013 0.08
0 0.654 0.623 0.035 0.052
0 0.718 0.569 0.02 0.083
0 0.734 0.58 0.021 0.105
0 0.76 0.531 0.011 0.04
1 0.082 0.628 0.144 0.16
1 0.182 0.574 0.104 0.123
1 0.628 0.531 0.019 0.028
1 0.663 0.542 0.025 0.042
1 0.716 0.525 0.021 0.02
1 0.948 0.561 0.053 0.057
1 0.989 0.547 0.019 0.063
