0 0.043 0.308 0.086 0.41
0 0.174 0.191 0.039 0.102
0 0.207 0.176 0.028 0.053
0 0.245 0.169 0.019 0.053
0 0.271 0.162 0.035 0.056
0 0.312 0.167 0.036 0.04
0 0.356 0.161 0.044 0.061
0 0.392 0.168 0.021 0.034
0 0.457 0.167 0.029 0.042
0 0.512 0.176 0.027 0.03
0 0.564 0.181 0.025 0.039
0 0.592 0.186 0.032 0.048
0 0.626 0.179 0.016 0.048
0 0.697 0.208 0.129 0.276
0 0.649 0.17 0.021 0.059
0 0.833 0.174 0.025 0.026
0 0.87 0.237 0.049 0.117
0 0.973 0.213 0.053 0.186
1 0.501 0.487 0.932 0.63
1 0.739 0.325 0.52 0.257
1 0.853 0.24 0.228 0.121
