1 0.919 0.566 0.123 0.11
0 0.002 0.561 0.004 0.044
0 0.016 0.566 0.015 0.054
0 0.023 0.553 0.011 0.045
0 0.089 0.709 0.069 0.307
0 0.071 0.551 0.015 0.038
0 0.147 0.596 0.018 0.091
0 0.167 0.588 0.025 0.092
0 0.235 0.579 0.033 0.069
0 0.275 0.634 0.032 0.19
0 0.291 0.635 0.039 0.192
0 0.375 0.564 0.007 0.066
0 0.396 0.581 0.039 0.078
0 0.473 0.566 0.019 0.069
0 0.612 0.55 0.007 0.037
0 0.623 0.553 0.013 0.044
0 0.642 0.561 0.018 0.063
0 0.712 0.565 0.029 0.067
0 0.786 0.568 0.027 0.076
0 0.852 0.55 0.018 0.051
0 0.97 0.579 0.05 0.098
1 0.331 0.563 0.04 0.042
