0 0.22 0.922 0.042 0.154
0 0.255 0.929 0.022 0.139
0 0.283 0.93 0.029 0.136
0 0.336 0.926 0.021 0.139
0 0.348 0.905 0.02 0.105
0 0.361 0.931 0.012 0.123
0 0.377 0.926 0.022 0.145
0 0.414 0.887 0.019 0.07
0 0.433 0.884 0.016 0.064
0 0.461 0.924 0.028 0.149
0 0.497 0.881 0.016 0.086
0 0.511 0.86 0.009 0.007
0 0.539 0.92 0.036 0.145
0 0.573 0.923 0.021 0.139
0 0.6 0.925 0.038 0.146
0 0.702 0.929 0.019 0.139
0 0.75 0.931 0.015 0.12
0 0.764 0.934 0.014 0.129
0 0.785 0.93 0.012 0.136
0 0.802 0.926 0.018 0.133
0 0.821 0.939 0.015 0.113
0 0.841 0.946 0.02 0.105
0 0.863 0.928 0.02 0.136
0 0.893 0.932 0.026 0.133
0 0.914 0.928 0.009 0.135
0 0.94 0.937 0.018 0.111
1 0.078 0.906 0.156 0.184
