1 0.737 0.535 0.303 0.143
0 0.104 0.391 0.044 0.065
0 0.148 0.379 0.031 0.07
0 0.165 0.391 0.034 0.059
0 0.203 0.387 0.046 0.086
0 0.269 0.398 0.038 0.092
0 0.308 0.399 0.042 0.09
0 0.338 0.414 0.042 0.06
0 0.395 0.405 0.033 0.083
0 0.573 0.48 0.075 0.089
0 0.574 0.408 0.041 0.142
0 0.714 0.43 0.033 0.065
0 0.72 0.398 0.038 0.087
0 0.75 0.399 0.046 0.113
0 0.799 0.359 0.078 0.103
0 0.799 0.446 0.036 0.1
0 0.835 0.433 0.034 0.129
0 0.873 0.451 0.043 0.113
0 0.895 0.576 0.062 0.23
0 0.903 0.348 0.039 0.099
0 0.918 0.396 0.042 0.118
0 0.936 0.428 0.04 0.152
0 0.947 0.266 0.024 0.108
0 0.965 0.348 0.046 0.128
0 0.98 0.24 0.023 0.086
0 0.992 0.206 0.014 0.053
1 0.092 0.508 0.184 0.212
