0 0.876 0.464 0.083 0.284
1 0.542 0.672 0.583 0.586
0 0.051 0.375 0.051 0.091
0 0.152 0.636 0.156 0.57
0 0.125 0.499 0.087 0.349
0 0.24 0.387 0.069 0.148
0 0.258 0.651 0.096 0.527
0 0.294 0.389 0.105 0.308
0 0.315 0.451 0.059 0.277
0 0.401 0.334 0.03 0.072
0 0.429 0.336 0.012 0.057
0 0.527 0.519 0.119 0.141
0 0.566 0.407 0.071 0.17
0 0.637 0.368 0.05 0.076
0 0.712 0.362 0.04 0.095
0 0.741 0.369 0.04 0.08
0 0.777 0.437 0.089 0.214
0 0.955 0.409 0.042 0.137
1 0.129 0.431 0.248 0.3
1 0.381 0.398 0.13 0.168
1 0.485 0.337 0.125 0.128
1 0.651 0.354 0.067 0.083
