0 0.922 0.549 0.059 0.179
0 0.009 0.458 0.019 0.098
0 0.06 0.592 0.068 0.13
0 0.14 0.561 0.063 0.195
0 0.14 0.452 0.017 0.05
0 0.159 0.451 0.018 0.035
0 0.216 0.594 0.061 0.154
0 0.232 0.534 0.024 0.053
0 0.259 0.625 0.022 0.053
0 0.433 0.628 0.063 0.05
0 0.701 0.517 0.254 0.287
0 0.629 0.518 0.044 0.126
0 0.706 0.515 0.058 0.116
0 0.858 0.55 0.064 0.157
1 0.07 0.428 0.076 0.086
1 0.192 0.499 0.1 0.154
1 0.201 0.413 0.037 0.053
1 0.908 0.409 0.064 0.051
1 0.962 0.417 0.073 0.085
1 0.977 0.392 0.045 0.029
