0 0.017 0.158 0.033 0.108
0 0.058 0.174 0.05 0.151
0 0.086 0.18 0.043 0.134
0 0.143 0.169 0.036 0.189
0 0.166 0.179 0.05 0.189
0 0.202 0.165 0.029 0.094
0 0.3 0.128 0.045 0.116
0 0.359 0.142 0.045 0.091
0 0.411 0.126 0.084 0.111
0 0.5 0.148 0.052 0.092
0 0.713 0.145 0.03 0.065
0 0.823 0.172 0.036 0.122
0 0.863 0.171 0.042 0.185
0 0.924 0.195 0.097 0.121
0 0.921 0.16 0.04 0.094
0 0.975 0.187 0.037 0.137
1 0.52 0.52 0.941 0.68
1 0.738 0.305 0.522 0.426
1 0.723 0.191 0.145 0.083
1 0.897 0.187 0.025 0.061
