0 0.006 0.436 0.013 0.061
0 0.021 0.709 0.042 0.428
0 0.067 0.453 0.021 0.063
0 0.158 0.586 0.083 0.37
0 0.258 0.572 0.091 0.389
0 0.286 0.478 0.018 0.081
0 0.306 0.483 0.028 0.102
0 0.358 0.515 0.042 0.179
0 0.437 0.521 0.054 0.187
0 0.553 0.69 0.149 0.618
0 0.915 0.224 0.025 0.041
0 0.963 0.537 0.071 0.161
0 0.949 0.214 0.027 0.045
0 0.982 0.534 0.034 0.132
1 0.022 0.467 0.038 0.018
1 0.024 0.478 0.042 0.042
1 0.024 0.455 0.043 0.05
1 0.046 0.444 0.062 0.05
1 0.182 0.451 0.016 0.035
1 0.293 0.447 0.025 0.028
1 0.338 0.477 0.072 0.094
1 0.559 0.508 0.211 0.129
1 0.792 0.742 0.414 0.514
