0 0.002 0.633 0.004 0.041
0 0.014 0.638 0.008 0.049
0 0.102 0.641 0.032 0.099
0 0.157 0.63 0.067 0.119
0 0.217 0.645 0.022 0.078
0 0.263 0.642 0.06 0.119
0 0.242 0.613 0.012 0.029
0 0.301 0.647 0.042 0.12
0 0.334 0.675 0.035 0.123
0 0.373 0.699 0.065 0.186
0 0.405 0.647 0.026 0.112
0 0.418 0.703 0.043 0.209
0 0.463 0.655 0.026 0.128
0 0.538 0.714 0.098 0.257
0 0.511 0.618 0.014 0.045
0 0.552 0.699 0.038 0.199
0 0.592 0.733 0.077 0.343
0 0.621 0.642 0.026 0.084
0 0.671 0.722 0.11 0.294
0 0.686 0.684 0.088 0.281
0 0.752 0.638 0.008 0.057
0 0.766 0.635 0.013 0.043
0 0.829 0.709 0.101 0.313
0 0.85 0.697 0.067 0.307
0 0.873 0.643 0.007 0.088
0 0.903 0.628 0.025 0.059
0 0.92 0.607 0.013 0.032
0 0.958 0.711 0.083 0.3
1 0.223 0.845 0.446 0.307
1 0.202 0.645 0.071 0.058
