0 0.801 0.708 0.1 0.359
0 0.022 0.706 0.044 0.217
0 0.053 0.704 0.03 0.205
0 0.074 0.69 0.035 0.211
0 0.107 0.698 0.06 0.233
0 0.159 0.699 0.034 0.215
0 0.194 0.712 0.036 0.179
0 0.23 0.702 0.038 0.209
0 0.257 0.703 0.03 0.19
0 0.29 0.693 0.035 0.204
0 0.322 0.709 0.04 0.196
0 0.342 0.689 0.026 0.192
0 0.38 0.696 0.049 0.221
0 0.401 0.638 0.037 0.102
0 0.434 0.606 0.042 0.079
0 0.478 0.599 0.046 0.064
0 0.523 0.594 0.049 0.081
0 0.641 0.576 0.032 0.089
0 0.673 0.621 0.054 0.193
1 0.534 0.755 0.367 0.264
