1 0.503 0.798 0.992 0.366
0 0.025 0.667 0.051 0.132
0 0.027 0.717 0.054 0.181
0 0.063 0.69 0.075 0.091
0 0.078 0.696 0.047 0.079
0 0.118 0.647 0.078 0.057
0 0.086 0.655 0.014 0.023
0 0.091 0.675 0.012 0.033
0 0.122 0.675 0.043 0.053
0 0.159 0.665 0.025 0.044
0 0.184 0.66 0.027 0.049
0 0.197 0.663 0.019 0.027
0 0.201 0.667 0.018 0.025
0 0.211 0.664 0.017 0.039
0 0.214 0.655 0.02 0.039
0 0.667 0.639 0.038 0.068
0 0.769 0.596 0.17 0.178
0 0.962 0.646 0.074 0.091
0 0.992 0.632 0.014 0.035
0 0.995 0.635 0.008 0.03
