0 0.019 0.6 0.038 0.043
0 0.058 0.553 0.019 0.039
0 0.069 0.592 0.033 0.048
0 0.128 0.59 0.02 0.096
0 0.185 0.626 0.051 0.151
0 0.314 0.59 0.043 0.16
0 0.394 0.604 0.026 0.126
0 0.429 0.632 0.018 0.129
0 0.441 0.582 0.031 0.146
0 0.477 0.571 0.038 0.087
0 0.485 0.628 0.032 0.079
0 0.512 0.589 0.031 0.122
0 0.536 0.61 0.069 0.129
0 0.6 0.566 0.044 0.112
0 0.657 0.573 0.031 0.148
0 0.783 0.594 0.038 0.125
0 0.834 0.565 0.023 0.091
0 0.859 0.558 0.034 0.1
0 0.894 0.571 0.026 0.121
0 0.937 0.569 0.033 0.128
0 0.979 0.575 0.02 0.108
1 0.374 0.518 0.054 0.056
1 0.513 0.521 0.047 0.048
1 0.573 0.512 0.07 0.066
1 0.63 0.521 0.057 0.048
1 0.708 0.514 0.069 0.062
1 0.777 0.522 0.07 0.047
