0 0.939 0.348 0.082 0.344
0 0.081 0.699 0.162 0.479
0 0.221 0.564 0.122 0.292
0 0.351 0.815 0.306 0.365
0 0.435 0.302 0.052 0.073
0 0.471 0.323 0.05 0.125
0 0.498 0.31 0.047 0.099
0 0.524 0.315 0.052 0.109
0 0.554 0.34 0.045 0.135
0 0.588 0.344 0.045 0.16
0 0.638 0.357 0.051 0.214
0 0.696 0.352 0.059 0.236
0 0.723 0.358 0.057 0.195
0 0.767 0.331 0.057 0.188
0 0.83 0.309 0.065 0.148
0 0.86 0.319 0.068 0.19
0 0.884 0.273 0.034 0.102
0 0.973 0.277 0.039 0.1
0 0.979 0.393 0.037 0.312
1 0.446 0.503 0.438 0.329
