0 0.066 0.768 0.051 0.278
0 0.117 0.778 0.059 0.285
0 0.141 0.495 0.026 0.09
0 0.154 0.711 0.043 0.164
0 0.178 0.863 0.075 0.272
0 0.274 0.741 0.056 0.26
0 0.343 0.658 0.046 0.145
0 0.374 0.59 0.033 0.091
0 0.383 0.753 0.038 0.236
0 0.429 0.743 0.044 0.256
0 0.481 0.908 0.095 0.181
0 0.709 0.378 0.018 0.093
0 0.736 0.354 0.02 0.085
0 0.795 0.403 0.017 0.094
0 0.822 0.786 0.059 0.243
0 0.824 0.403 0.021 0.088
0 0.837 0.63 0.044 0.12
0 0.874 0.386 0.022 0.081
0 0.923 0.774 0.044 0.245
0 0.951 0.834 0.079 0.289
0 0.942 0.651 0.056 0.136
1 0.585 0.352 0.103 0.101
1 0.614 0.428 0.133 0.106
1 0.881 0.547 0.226 0.165
1 0.901 0.287 0.123 0.074
1 0.931 0.417 0.12 0.11
