0 0.398 0.787 0.151 0.373
0 0.16 0.725 0.319 0.546
0 0.235 0.309 0.019 0.064
0 0.298 0.189 0.021 0.07
0 0.324 0.198 0.022 0.059
0 0.338 0.47 0.034 0.076
0 0.35 0.389 0.023 0.07
0 0.519 0.859 0.227 0.278
0 0.45 0.261 0.019 0.056
0 0.476 0.424 0.024 0.054
0 0.504 0.105 0.025 0.061
0 0.569 0.493 0.031 0.051
0 0.593 0.337 0.034 0.04
0 0.604 0.491 0.026 0.054
0 0.602 0.253 0.021 0.056
0 0.63 0.257 0.021 0.048
0 0.66 0.345 0.024 0.075
0 0.663 0.419 0.019 0.073
0 0.666 0.494 0.023 0.054
0 0.692 0.399 0.03 0.057
0 0.703 0.121 0.021 0.066
0 0.777 0.437 0.024 0.06
0 0.801 0.205 0.032 0.053
0 0.894 0.499 0.027 0.05
0 0.934 0.35 0.028 0.056
1 0.149 0.694 0.299 0.179
1 0.654 0.699 0.392 0.183
1 0.821 0.674 0.262 0.186
