0 0.661 0.458 0.027 0.119
0 0.674 0.446 0.021 0.124
0 0.678 0.466 0.02 0.139
0 0.697 0.463 0.027 0.161
0 0.707 0.48 0.033 0.165
0 0.717 0.398 0.015 0.045
0 0.727 0.48 0.024 0.13
0 0.727 0.402 0.014 0.048
0 0.749 0.497 0.048 0.081
0 0.749 0.465 0.033 0.171
0 0.737 0.402 0.006 0.025
0 0.745 0.396 0.007 0.016
0 0.811 0.535 0.074 0.265
0 0.89 0.599 0.083 0.463
1 0.356 0.473 0.141 0.143
1 0.427 0.455 0.027 0.081
1 0.429 0.463 0.032 0.091
1 0.441 0.437 0.02 0.054
1 0.443 0.441 0.013 0.04
1 0.455 0.434 0.021 0.037
1 0.456 0.433 0.017 0.038
1 0.474 0.422 0.015 0.031
1 0.474 0.422 0.015 0.029
1 0.501 0.422 0.042 0.05
1 0.5 0.422 0.037 0.048
