0 0.015 0.114 0.028 0.09
0 0.078 0.178 0.104 0.245
0 0.126 0.12 0.036 0.161
0 0.16 0.122 0.04 0.125
0 0.202 0.109 0.04 0.12
0 0.247 0.122 0.071 0.094
0 0.333 0.112 0.065 0.093
0 0.366 0.092 0.034 0.118
0 0.396 0.102 0.03 0.121
0 0.449 0.109 0.031 0.097
0 0.47 0.116 0.021 0.111
0 0.506 0.13 0.039 0.136
0 0.542 0.126 0.05 0.172
0 0.58 0.182 0.099 0.304
0 0.66 0.127 0.029 0.127
0 0.714 0.274 0.119 0.217
0 0.701 0.093 0.026 0.062
0 0.727 0.101 0.018 0.07
0 0.758 0.099 0.024 0.061
0 0.808 0.238 0.063 0.18
0 0.798 0.203 0.042 0.125
0 0.8 0.109 0.038 0.071
0 0.828 0.107 0.034 0.076
0 0.865 0.259 0.092 0.218
0 0.869 0.141 0.043 0.13
0 0.886 0.139 0.023 0.13
0 0.91 0.13 0.023 0.129
0 0.94 0.147 0.027 0.13
0 0.968 0.142 0.046 0.134
1 0.473 0.536 0.908 0.735
1 0.738 0.166 0.192 0.141
1 0.863 0.129 0.082 0.079
