1 0.552 0.497 0.84 0.568
0 0.076 0.385 0.079 0.116
0 0.137 0.256 0.008 0.022
0 0.145 0.271 0.008 0.042
0 0.157 0.277 0.013 0.06
0 0.168 0.278 0.021 0.064
0 0.185 0.343 0.027 0.066
0 0.328 0.38 0.177 0.081
0 0.339 0.253 0.011 0.017
0 0.355 0.251 0.01 0.017
0 0.401 0.249 0.013 0.014
0 0.518 0.255 0.02 0.027
0 0.54 0.26 0.016 0.025
0 0.563 0.255 0.014 0.022
0 0.58 0.25 0.007 0.013
0 0.825 0.258 0.015 0.014
1 0.037 0.26 0.026 0.018
1 0.829 0.403 0.341 0.28
1 0.823 0.289 0.051 0.078
1 0.914 0.287 0.095 0.069
