0 0.083 0.508 0.062 0.258
0 0.03 0.577 0.06 0.46
0 0.021 0.433 0.006 0.025
0 0.033 0.444 0.012 0.051
0 0.184 0.483 0.023 0.179
0 0.199 0.499 0.033 0.17
0 0.201 0.488 0.037 0.179
0 0.23 0.49 0.031 0.157
0 0.248 0.495 0.031 0.155
0 0.259 0.479 0.021 0.129
0 0.272 0.483 0.025 0.129
0 0.413 0.428 0.014 0.029
0 0.429 0.438 0.019 0.035
0 0.5 0.473 0.017 0.117
0 0.542 0.473 0.03 0.102
0 0.56 0.473 0.016 0.108
0 0.628 0.499 0.041 0.171
0 0.67 0.508 0.054 0.179
0 0.707 0.503 0.03 0.171
0 0.811 0.487 0.019 0.113
1 0.324 0.458 0.268 0.161
