1 0.523 0.548 0.9 0.513
0 0.015 0.294 0.03 0.082
0 0.009 0.263 0.013 0.036
0 0.033 0.281 0.021 0.043
0 0.11 0.243 0.022 0.026
0 0.207 0.288 0.054 0.118
0 0.271 0.335 0.052 0.23
0 0.311 0.299 0.027 0.147
0 0.339 0.296 0.033 0.134
0 0.5 0.253 0.021 0.068
0 0.595 0.247 0.016 0.049
0 0.66 0.258 0.022 0.046
0 0.683 0.261 0.025 0.069
0 0.794 0.254 0.031 0.057
0 0.825 0.259 0.021 0.039
0 0.846 0.251 0.02 0.052
0 0.864 0.258 0.035 0.087
0 0.895 0.271 0.03 0.099
0 0.938 0.276 0.036 0.122
1 0.096 0.449 0.191 0.234
1 0.104 0.305 0.136 0.126
1 0.508 0.342 0.358 0.152
1 0.574 0.292 0.211 0.04
1 0.844 0.363 0.311 0.171
1 0.945 0.297 0.107 0.099
