0 0.918 0.505 0.12 0.802
0 0.041 0.195 0.018 0.042
0 0.197 0.268 0.057 0.278
0 0.282 0.254 0.055 0.104
0 0.356 0.203 0.023 0.085
0 0.374 0.204 0.049 0.071
0 0.528 0.16 0.016 0.024
0 0.54 0.147 0.007 0.009
0 0.544 0.172 0.012 0.045
0 0.563 0.181 0.019 0.045
0 0.583 0.172 0.021 0.063
0 0.602 0.188 0.011 0.031
0 0.632 0.194 0.03 0.071
0 0.646 0.163 0.014 0.03
0 0.656 0.183 0.03 0.108
0 0.667 0.16 0.007 0.024
0 0.691 0.183 0.031 0.085
0 0.701 0.164 0.01 0.023
0 0.715 0.192 0.027 0.106
0 0.729 0.178 0.011 0.068
0 0.739 0.203 0.03 0.108
0 0.768 0.219 0.037 0.146
0 0.787 0.154 0.006 0.033
0 0.8 0.193 0.027 0.08
0 0.81 0.265 0.033 0.099
0 0.818 0.164 0.039 0.137
0 0.869 0.172 0.014 0.094
0 0.884 0.198 0.041 0.195
0 0.898 0.138 0.014 0.05
0 0.979 0.142 0.041 0.085
0 0.989 0.097 0.021 0.019
1 0.101 0.891 0.201 0.214
1 0.356 0.625 0.713 0.697
1 0.52 0.449 0.638 0.417
1 0.397 0.23 0.102 0.075
1 0.629 0.254 0.412 0.254
