0 0.028 0.41 0.057 0.467
0 0.031 0.477 0.062 0.411
0 0.247 0.243 0.049 0.133
0 0.287 0.241 0.057 0.115
0 0.332 0.236 0.026 0.09
0 0.475 0.232 0.097 0.138
0 0.544 0.22 0.038 0.102
0 0.581 0.221 0.072 0.159
0 0.688 0.212 0.036 0.143
0 0.732 0.249 0.099 0.288
0 0.83 0.336 0.077 0.242
0 0.849 0.324 0.031 0.253
0 0.904 0.305 0.087 0.342
0 0.961 0.283 0.075 0.357
1 0.124 0.382 0.179 0.277
1 0.535 0.538 0.877 0.612
1 0.191 0.288 0.126 0.102
1 0.37 0.337 0.387 0.207
1 0.502 0.296 0.127 0.172
1 0.809 0.317 0.38 0.243
