0 0.744 0.539 0.238 0.919
1 0.561 0.579 0.698 0.793
0 0.024 0.161 0.011 0.025
0 0.122 0.186 0.021 0.093
0 0.319 0.763 0.072 0.047
0 0.37 0.678 0.038 0.076
0 0.504 0.735 0.132 0.194
0 0.495 0.325 0.087 0.379
0 0.534 0.867 0.027 0.101
0 0.579 0.855 0.029 0.116
1 0.045 0.212 0.088 0.084
1 0.092 0.206 0.044 0.068
1 0.122 0.192 0.036 0.04
1 0.138 0.165 0.025 0.029
1 0.16 0.205 0.064 0.063
1 0.186 0.14 0.018 0.021
1 0.198 0.176 0.03 0.04
1 0.197 0.133 0.01 0.013
1 0.22 0.159 0.029 0.035
1 0.238 0.146 0.029 0.028
1 0.237 0.126 0.009 0.015
1 0.277 0.192 0.085 0.051
1 0.25 0.138 0.009 0.016
1 0.275 0.154 0.021 0.032
1 0.272 0.13 0.009 0.007
1 0.279 0.123 0.008 0.013
1 0.287 0.146 0.018 0.024
1 0.298 0.141 0.013 0.018
1 0.314 0.161 0.019 0.025
1 0.326 0.163 0.015 0.022
1 0.429 0.304 0.221 0.232
1 0.35 0.204 0.056 0.068
1 0.342 0.165 0.026 0.029
1 0.541 0.246 0.174 0.228
1 0.622 0.207 0.086 0.05
1 0.812 0.338 0.372 0.259
