1 0.859 0.356 0.28 0.275
0 0.16 0.296 0.1 0.348
0 0.223 0.26 0.096 0.236
0 0.329 0.215 0.035 0.044
0 0.456 0.072 0.026 0.142
0 0.483 0.042 0.011 0.051
0 0.497 0.045 0.017 0.053
0 0.509 0.082 0.014 0.123
0 0.523 0.081 0.012 0.107
0 0.534 0.248 0.016 0.034
0 0.553 0.234 0.051 0.122
0 0.545 0.091 0.022 0.12
0 0.59 0.236 0.03 0.073
0 0.595 0.109 0.021 0.104
0 0.791 0.244 0.037 0.092
0 0.822 0.231 0.042 0.094
0 0.869 0.228 0.031 0.06
0 0.979 0.207 0.023 0.031
1 0.487 0.501 0.779 0.512
1 0.451 0.099 0.043 0.078
1 0.506 0.11 0.064 0.056
1 0.561 0.126 0.026 0.076
1 0.579 0.146 0.015 0.031
