0 0.038 0.111 0.051 0.222
0 0.104 0.183 0.121 0.367
0 0.229 0.137 0.042 0.262
0 0.272 0.157 0.062 0.314
0 0.37 0.145 0.056 0.289
0 0.439 0.144 0.063 0.206
0 0.429 0.084 0.035 0.168
0 0.462 0.111 0.029 0.211
0 0.495 0.129 0.061 0.257
0 0.533 0.094 0.056 0.187
0 0.58 0.092 0.046 0.184
0 0.653 0.077 0.053 0.154
0 0.701 0.145 0.035 0.127
0 0.737 0.1 0.065 0.145
0 0.777 0.115 0.035 0.13
0 0.811 0.096 0.055 0.18
0 0.863 0.129 0.077 0.257
0 0.961 0.162 0.076 0.32
1 0.019 0.132 0.037 0.118
1 0.072 0.416 0.144 0.285
1 0.223 0.149 0.215 0.129
1 0.562 0.548 0.765 0.788
1 0.405 0.145 0.141 0.136
1 0.622 0.133 0.131 0.135
1 0.902 0.096 0.035 0.023
