0 0.497 0.878 0.058 0.196
1 0.125 0.873 0.234 0.216
0 0.047 0.782 0.05 0.059
0 0.1 0.844 0.082 0.274
0 0.219 0.825 0.022 0.072
0 0.258 0.846 0.049 0.202
0 0.313 0.867 0.035 0.157
0 0.308 0.872 0.022 0.157
0 0.356 0.856 0.04 0.176
0 0.405 0.876 0.026 0.084
0 0.416 0.871 0.016 0.047
0 0.438 0.878 0.02 0.097
0 0.532 0.862 0.036 0.194
0 0.583 0.855 0.049 0.232
0 0.657 0.868 0.048 0.191
0 0.715 0.873 0.04 0.186
0 0.75 0.873 0.026 0.113
0 0.781 0.881 0.024 0.109
0 0.838 0.881 0.024 0.091
0 0.94 0.892 0.018 0.104
0 0.973 0.856 0.052 0.286
1 0.58 0.864 0.114 0.135
1 0.799 0.883 0.03 0.038
1 0.852 0.878 0.056 0.062
